Date|Open|High|Low|Close*|Adj. close**|Volume
20 Sept 2024|0.4900|0.4950|0.4900|0.4950|0.4950|943,058
19 Sept 2024|0.4950|0.5000|0.4900|0.4900|0.4900|148,796
18 Sept 2024|0.4900|0.4950|0.4875|0.4900|0.4900|104,777
17 Sept 2024|0.4900|0.4925|0.4850|0.4850|0.4850|204,141
16 Sept 2024|0.4950|0.4950|0.4900|0.4900|0.4900|960,724
13 Sept 2024|0.5000|0.5050|0.4950|0.5000|0.5000|258,127
12 Sept 2024|0.4950|0.5050|0.4900|0.4950|0.4950|594,227
12 Sept 2024|0.011704Dividend
11 Sept 2024|0.5100|0.5100|0.5025|0.5050|0.4933|308,513
10 Sept 2024|0.5050|0.5100|0.5025|0.5100|0.4982|245,053
09 Sept 2024|0.5100|0.5100|0.5050|0.5050|0.4933|220,122
06 Sept 2024|0.5150|0.5150|0.5050|0.5150|0.5031|293,925
05 Sept 2024|0.5000|0.5150|0.5000|0.5150|0.5031|451,195
04 Sept 2024|0.5100|0.5100|0.5050|0.5050|0.4933|754,112
03 Sept 2024|0.5100|0.5200|0.5050|0.5200|0.5079|614,155
02 Sept 2024|0.5100|0.5150|0.5025|0.5100|0.4982|858,587
30 Aug 2024|0.5150|0.5150|0.4975|0.5100|0.4982|1,128,836
29 Aug 2024|0.5050|0.5150|0.5000|0.5150|0.5031|584,335
28 Aug 2024|0.5150|0.5150|0.5050|0.5150|0.5031|325,165
27 Aug 2024|0.5100|0.5150|0.5050|0.5100|0.4982|703,459
26 Aug 2024|0.5200|0.5250|0.5150|0.5150|0.5031|214,626
23 Aug 2024|0.5250|0.5250|0.5175|0.5200|0.5079|73,112
22 Aug 2024|0.5150|0.5250|0.5150|0.5250|0.5128|434,315
21 Aug 2024|0.5250|0.5250|0.5150|0.5150|0.5031|239,110
20 Aug 2024|0.5100|0.5250|0.5100|0.5250|0.5128|813,476
19 Aug 2024|0.5150|0.5200|0.5100|0.5100|0.4982|160,563
16 Aug 2024|0.5150|0.5200|0.5100|0.5200|0.5079|164,077
15 Aug 2024|0.5100|0.5100|0.5050|0.5050|0.4933|130,251
14 Aug 2024|0.5100|0.5100|0.5000|0.5100|0.4982|283,366
13 Aug 2024|0.5050|0.5100|0.5000|0.5000|0.4884|570,199
12 Aug 2024|0.5050|0.5150|0.5000|0.5000|0.4884|130,453
09 Aug 2024|0.5050|0.5150|0.5050|0.5050|0.4933|213,915
08 Aug 2024|0.5050|0.5100|0.5000|0.5050|0.4933|478,290
07 Aug 2024|0.5000|0.5100|0.5000|0.5000|0.4884|889,976
06 Aug 2024|0.5050|0.5100|0.5000|0.5000|0.4884|917,903
05 Aug 2024|0.5250|0.5250|0.5050|0.5100|0.4982|763,765
02 Aug 2024|0.5350|0.5350|0.5250|0.5250|0.5128|1,824,740
01 Aug 2024|0.5350|0.5400|0.5300|0.5400|0.5275|814,960
31 July 2024|0.5300|0.5400|0.5275|0.5350|0.5226|183,252
30 July 2024|0.5250|0.5350|0.5250|0.5300|0.5177|145,041
29 July 2024|0.5300|0.5400|0.5300|0.5300|0.5177|860,663
26 July 2024|0.5400|0.5425|0.5225|0.5350|0.5226|822,059
25 July 2024|0.5400|0.5450|0.5350|0.5450|0.5324|556,150
24 July 2024|0.5250|0.5450|0.5250|0.5350|0.5226|755,857
23 July 2024|0.5100|0.5300|0.5100|0.5150|0.5031|1,387,076
22 July 2024|0.4950|0.5125|0.4950|0.5100|0.4982|1,189,738
19 July 2024|0.5000|0.5000|0.4900|0.4900|0.4786|346,097
18 July 2024|0.4950|0.5000|0.4950|0.5000|0.4884|666,894
17 July 2024|0.4950|0.4950|0.4900|0.4900|0.4786|219,187
16 July 2024|0.4900|0.4925|0.4850|0.4900|0.4786|523,596
15 July 2024|0.4900|0.4900|0.4850|0.4850|0.4738|247,775
12 July 2024|0.4850|0.4900|0.4800|0.4850|0.4738|234,025
11 July 2024|0.4800|0.4850|0.4800|0.4800|0.4689|255,687
10 July 2024|0.4850|0.4850|0.4800|0.4800|0.4689|119,956
09 July 2024|0.4850|0.4850|0.4800|0.4800|0.4689|286,186
08 July 2024|0.4850|0.4875|0.4800|0.4800|0.4689|196,098
05 July 2024|0.4900|0.4900|0.4825|0.4850|0.4738|638,440
04 July 2024|0.4900|0.4900|0.4850|0.4850|0.4738|314,490
03 July 2024|0.4850|0.4900|0.4850|0.4850|0.4738|179,395
02 July 2024|0.4800|0.4900|0.4800|0.4850|0.4738|36,108
01 July 2024|0.4850|0.4900|0.4800|0.4800|0.4689|231,786
28 June 2024|0.4850|0.4900|0.4800|0.4800|0.4689|836,693
27 June 2024|0.4850|0.4900|0.4800|0.4800|0.4689|610,623
26 June 2024|0.4900|0.4950|0.4850|0.4850|0.4738|1,136,218
25 June 2024|0.4900|0.4975|0.4850|0.4850|0.4738|861,113
24 June 2024|0.4950|0.5000|0.4875|0.4900|0.4786|563,679
21 June 2024|0.4850|0.5000|0.4850|0.5000|0.4884|809,056
20 June 2024|0.4900|0.4900|0.4850|0.4850|0.4738|210,900
19 June 2024|0.4950|0.4950|0.4850|0.4900|0.4786|402,847
18 June 2024|0.4950|0.5000|0.4900|0.4900|0.4786|163,938
17 June 2024|0.4950|0.5000|0.4950|0.4950|0.4835|164,767
14 June 2024|0.5050|0.5050|0.4950|0.4950|0.4835|471,461
13 June 2024|0.5000|0.5050|0.4950|0.5050|0.4933|705,554
12 June 2024|0.4950|0.5000|0.4950|0.5000|0.4884|671,527
11 June 2024|0.4950|0.5000|0.4900|0.4900|0.4786|335,865
07 June 2024|0.4900|0.5000|0.4900|0.5000|0.4884|432,582
06 June 2024|0.4950|0.5000|0.4900|0.4900|0.4786|455,048
05 June 2024|0.4950|0.4950|0.4900|0.4950|0.4835|48,403
04 June 2024|0.4900|0.4950|0.4850|0.4950|0.4835|490,916
03 June 2024|0.4900|0.4950|0.4850|0.4850|0.4738|267,177
31 May 2024|0.4850|0.4925|0.4800|0.4800|0.4689|479,985
30 May 2024|0.4800|0.4900|0.4800|0.4800|0.4689|213,147
29 May 2024|0.4900|0.4950|0.4800|0.4800|0.4689|607,709
28 May 2024|0.4850|0.4950|0.4850|0.4900|0.4786|311,247
27 May 2024|0.4850|0.4950|0.4850|0.4950|0.4835|141,582
24 May 2024|0.4900|0.4950|0.4875|0.4950|0.4835|90,270
23 May 2024|0.4900|0.4950|0.4850|0.4900|0.4786|229,748
22 May 2024|0.4900|0.4950|0.4850|0.4850|0.4738|596,706
21 May 2024|0.4950|0.5000|0.4900|0.4900|0.4786|223,950
20 May 2024|0.4950|0.5000|0.4900|0.4900|0.4786|465,054
17 May 2024|0.4950|0.5000|0.4900|0.4950|0.4835|255,462
16 May 2024|0.5000|0.5000|0.4900|0.4950|0.4835|533,048
15 May 2024|0.4900|0.5000|0.4850|0.5000|0.4884|430,100
14 May 2024|0.4950|0.4975|0.4850|0.4900|0.4786|547,245
13 May 2024|0.5050|0.5050|0.4925|0.4950|0.4835|493,644
10 May 2024|0.5050|0.5150|0.5000|0.5050|0.4933|575,831
09 May 2024|0.4950|0.5100|0.4900|0.5100|0.4982|855,615
08 May 2024|0.4800|0.5000|0.4800|0.4950|0.4835|1,943,482
07 May 2024|0.4700|0.4800|0.4675|0.4800|0.4689|1,001,152
06 May 2024|0.4900|0.4900|0.4650|0.4750|0.4640|3,315,036
03 May 2024|0.4900|0.4950|0.4850|0.4900|0.4786|510,726
02 May 2024|0.4950|0.4950|0.4850|0.4850|0.4738|1,020,131
01 May 2024|0.5000|0.5000|0.4950|0.4950|0.4835|672,539
30 Apr 2024|0.5000|0.5100|0.5000|0.5000|0.4884|741,047
29 Apr 2024|0.5000|0.5000|0.4950|0.4950|0.4835|899,135
26 Apr 2024|0.5100|0.5100|0.5000|0.5000|0.4884|1,917,198
24 Apr 2024|0.5200|0.5200|0.5075|0.5100|0.4982|1,320,352
23 Apr 2024|0.5200|0.5250|0.5100|0.5150|0.5031|2,099,681
22 Apr 2024|0.5150|0.5300|0.5150|0.5250|0.5128|1,133,836
19 Apr 2024|0.5450|0.5450|0.5200|0.5200|0.5079|1,026,145
18 Apr 2024|0.5400|0.5450|0.5350|0.5350|0.5226|472,235
17 Apr 2024|0.5500|0.5500|0.5400|0.5400|0.5275|813,842
16 Apr 2024|0.5550|0.5550|0.5400|0.5450|0.5324|988,519
15 Apr 2024|0.5500|0.5600|0.5500|0.5550|0.5421|269,735
12 Apr 2024|0.5550|0.5600|0.5525|0.5600|0.5470|439,211
11 Apr 2024|0.5550|0.5600|0.5500|0.5550|0.5421|1,362,835
10 Apr 2024|0.5550|0.5575|0.5500|0.5550|0.5421|636,495
09 Apr 2024|0.5550|0.5550|0.5500|0.5500|0.5373|3,067,786
08 Apr 2024|0.5550|0.5600|0.5500|0.5550|0.5421|1,204,839
05 Apr 2024|0.5600|0.5600|0.5550|0.5600|0.5470|104,173
04 Apr 2024|0.5550|0.5600|0.5550|0.5550|0.5421|826,496
03 Apr 2024|0.5600|0.5600|0.5550|0.5550|0.5421|754,252
02 Apr 2024|0.5550|0.5600|0.5525|0.5600|0.5470|907,728
28 Mar 2024|0.5550|0.5600|0.5550|0.5600|0.5470|1,152,074
27 Mar 2024|0.5550|0.5550|0.5500|0.5550|0.5421|429,898
26 Mar 2024|0.5550|0.5550|0.5500|0.5500|0.5373|406,384
25 Mar 2024|0.5550|0.5600|0.5500|0.5500|0.5373|1,605,080
22 Mar 2024|0.5550|0.5600|0.5500|0.5550|0.5421|317,239
21 Mar 2024|0.5550|0.5550|0.5500|0.5550|0.5421|530,204
20 Mar 2024|0.5550|0.5550|0.5500|0.5550|0.5421|196,874
19 Mar 2024|0.5550|0.5600|0.5500|0.5550|0.5421|605,932
18 Mar 2024|0.5600|0.5600|0.5550|0.5600|0.5470|565,082
15 Mar 2024|0.5500|0.5650|0.5500|0.5650|0.5519|1,105,521
14 Mar 2024|0.5500|0.5550|0.5500|0.5550|0.5421|381,518
13 Mar 2024|0.5550|0.5550|0.5500|0.5500|0.5373|633,366
12 Mar 2024|0.5550|0.5600|0.5550|0.5550|0.5421|445,786
11 Mar 2024|0.5550|0.5600|0.5550|0.5550|0.5421|555,666
08 Mar 2024|0.5600|0.5600|0.5550|0.5550|0.5421|473,585
07 Mar 2024|0.5600|0.5700|0.5550|0.5700|0.5568|968,327
07 Mar 2024|0.01583Dividend
06 Mar 2024|0.5700|0.5700|0.5625|0.5700|0.5413|324,720
05 Mar 2024|0.5650|0.5700|0.5600|0.5650|0.5366|363,153
04 Mar 2024|0.5700|0.5750|0.5650|0.5650|0.5366|838,162
01 Mar 2024|0.5750|0.5750|0.5650|0.5650|0.5366|690,789
29 Feb 2024|0.5550|0.5750|0.5550|0.5750|0.5461|1,176,106
28 Feb 2024|0.5600|0.5600|0.5500|0.5550|0.5271|700,138
27 Feb 2024|0.5650|0.5700|0.5575|0.5600|0.5318|1,324,625
26 Feb 2024|0.5700|0.5750|0.5650|0.5700|0.5413|602,601
23 Feb 2024|0.5800|0.5800|0.5650|0.5750|0.5461|581,405
22 Feb 2024|0.5750|0.5850|0.5750|0.5800|0.5508|491,920
21 Feb 2024|0.5700|0.5850|0.5700|0.5800|0.5508|1,528,516
20 Feb 2024|0.5750|0.5750|0.5650|0.5700|0.5413|563,071
19 Feb 2024|0.5900|0.5950|0.5800|0.5800|0.5508|1,647,741
16 Feb 2024|0.6000|0.6000|0.5950|0.5975|0.5674|147,280
15 Feb 2024|0.6000|0.6000|0.5975|0.6000|0.5698|167,127
14 Feb 2024|0.6000|0.6050|0.6000|0.6000|0.5698|760,656
13 Feb 2024|0.6000|0.6050|0.6000|0.6000|0.5698|412,971
12 Feb 2024|0.6000|0.6050|0.6000|0.6000|0.5698|189,369
09 Feb 2024|0.6000|0.6100|0.6000|0.6000|0.5698|1,005,079
08 Feb 2024|0.6000|0.6050|0.5950|0.6000|0.5698|415,059
07 Feb 2024|0.6000|0.6050|0.5950|0.6000|0.5698|614,477
06 Feb 2024|0.6000|0.6050|0.6000|0.6050|0.5746|227,597
05 Feb 2024|0.6000|0.6050|0.6000|0.6000|0.5698|193,188
02 Feb 2024|0.5950|0.6050|0.5950|0.6000|0.5698|270,359
01 Feb 2024|0.6000|0.6000|0.5950|0.5975|0.5674|144,399
31 Jan 2024|0.6000|0.6000|0.5950|0.6000|0.5698|734,827
30 Jan 2024|0.6000|0.6050|0.5950|0.6000|0.5698|153,189
29 Jan 2024|0.6000|0.6050|0.5975|0.6000|0.5698|211,972
25 Jan 2024|0.6000|0.6050|0.5950|0.6000|0.5698|188,821
24 Jan 2024|0.6000|0.6050|0.5950|0.5950|0.5651|966,763
23 Jan 2024|0.5950|0.6000|0.5950|0.5950|0.5651|139,401
22 Jan 2024|0.6000|0.6000|0.5950|0.5950|0.5651|462,634
19 Jan 2024|0.6000|0.6050|0.5950|0.6000|0.5698|493,051
18 Jan 2024|0.6000|0.6050|0.5950|0.6000|0.5698|374,412
17 Jan 2024|0.5950|0.6050|0.5900|0.6000|0.5698|627,016
16 Jan 2024|0.5950|0.6000|0.5900|0.5950|0.5651|239,906
15 Jan 2024|0.5900|0.5950|0.5900|0.5950|0.5651|113,071
12 Jan 2024|0.6000|0.6000|0.5900|0.5900|0.5603|338,623
11 Jan 2024|0.5950|0.6000|0.5925|0.6000|0.5698|318,731
10 Jan 2024|0.6000|0.6000|0.5950|0.5950|0.5651|217,992
09 Jan 2024|0.5950|0.6000|0.5950|0.6000|0.5698|186,293
08 Jan 2024|0.6000|0.6050|0.5900|0.5900|0.5603|392,517
05 Jan 2024|0.5950|0.6000|0.5900|0.5950|0.5651|472,880
04 Jan 2024|0.6000|0.6000|0.5900|0.5900|0.5603|130,465
03 Jan 2024|0.5950|0.5950|0.5900|0.5950|0.5651|285,518
02 Jan 2024|0.5850|0.6000|0.5850|0.6000|0.5698|907,124
29 Dec 2023|0.5850|0.5950|0.5850|0.5850|0.5556|490,975
28 Dec 2023|0.5850|0.5900|0.5800|0.5850|0.5556|338,811
27 Dec 2023|0.5850|0.5950|0.5800|0.5800|0.5508|660,630
22 Dec 2023|0.5800|0.5900|0.5750|0.5800|0.5508|465,891
21 Dec 2023|0.5800|0.5800|0.5750|0.5750|0.5461|1,092,317
20 Dec 2023|0.5800|0.5850|0.5750|0.5800|0.5508|1,083,165
19 Dec 2023|0.5850|0.5850|0.5750|0.5750|0.5461|388,759
18 Dec 2023|0.5850|0.5850|0.5800|0.5850|0.5556|225,841
15 Dec 2023|0.5850|0.5950|0.5800|0.5850|0.5556|528,945
14 Dec 2023|0.5950|0.5950|0.5800|0.5850|0.5556|1,266,680
13 Dec 2023|0.6100|0.6150|0.5950|0.5950|0.5651|2,309,815
12 Dec 2023|0.6100|0.6150|0.6075|0.6100|0.5793|132,396
11 Dec 2023|0.6150|0.6200|0.6050|0.6050|0.5746|794,597
08 Dec 2023|0.6150|0.6200|0.6100|0.6150|0.5841|303,195
07 Dec 2023|0.6150|0.6200|0.6100|0.6100|0.5793|1,111,967
06 Dec 2023|0.6150|0.6200|0.6100|0.6150|0.5841|432,501
05 Dec 2023|0.6150|0.6150|0.6100|0.6100|0.5793|104,987
04 Dec 2023|0.6150|0.6200|0.6100|0.6100|0.5793|165,605
01 Dec 2023|0.6100|0.6175|0.6100|0.6100|0.5793|203,328
30 Nov 2023|0.6000|0.6200|0.6000|0.6150|0.5841|714,480
29 Nov 2023|0.6000|0.6050|0.6000|0.6000|0.5698|117,210
28 Nov 2023|0.6000|0.6100|0.5950|0.5950|0.5651|1,003,272
27 Nov 2023|0.6000|0.6100|0.6000|0.6000|0.5698|133,326
24 Nov 2023|0.6100|0.6100|0.6000|0.6000|0.5698|279,004
23 Nov 2023|0.6050|0.6100|0.6000|0.6050|0.5746|310,745
22 Nov 2023|0.6100|0.6150|0.6025|0.6050|0.5746|1,052,949
21 Nov 2023|0.6100|0.6200|0.6050|0.6050|0.5746|515,900
20 Nov 2023|0.6200|0.6200|0.6050|0.6050|0.5746|493,957
17 Nov 2023|0.6250|0.6250|0.6150|0.6150|0.5841|133,809
16 Nov 2023|0.6150|0.6250|0.6150|0.6200|0.5888|420,423
15 Nov 2023|0.6100|0.6200|0.6100|0.6100|0.5793|511,965
14 Nov 2023|0.6050|0.6100|0.6000|0.6100|0.5793|587,631
13 Nov 2023|0.6050|0.6100|0.6050|0.6050|0.5746|70,167
10 Nov 2023|0.6050|0.6100|0.6050|0.6100|0.5793|228,979
09 Nov 2023|0.6100|0.6100|0.6025|0.6050|0.5746|760,020
08 Nov 2023|0.6100|0.6100|0.6000|0.6100|0.5793|589,454
07 Nov 2023|0.6150|0.6150|0.6100|0.6100|0.5793|277,834
06 Nov 2023|0.6250|0.6300|0.6200|0.6250|0.5936|428,877
03 Nov 2023|0.6200|0.6300|0.6150|0.6200|0.5888|1,145,554
02 Nov 2023|0.6150|0.6200|0.6150|0.6150|0.5841|278,553
01 Nov 2023|0.6150|0.6200|0.6100|0.6150|0.5841|401,161
31 Oct 2023|0.6100|0.6200|0.6100|0.6150|0.5841|195,974
30 Oct 2023|0.6000|0.6200|0.5950|0.6100|0.5793|304,464
27 Oct 2023|0.6000|0.6050|0.5950|0.6050|0.5746|1,133,591
26 Oct 2023|0.6100|0.6150|0.6000|0.6000|0.5698|742,887
25 Oct 2023|0.6150|0.6200|0.6100|0.6100|0.5793|305,211
24 Oct 2023|0.6250|0.6300|0.6150|0.6150|0.5841|372,392
23 Oct 2023|0.6200|0.6275|0.6100|0.6200|0.5888|652,041
20 Oct 2023|0.6250|0.6300|0.6200|0.6200|0.5888|434,497
19 Oct 2023|0.6350|0.6400|0.6225|0.6250|0.5936|959,339
18 Oct 2023|0.6400|0.6400|0.6350|0.6350|0.6031|670,818
17 Oct 2023|0.6550|0.6600|0.6350|0.6350|0.6031|1,101,005
16 Oct 2023|0.6500|0.6600|0.6500|0.6500|0.6173|359,328
13 Oct 2023|0.6600|0.6600|0.6500|0.6500|0.6173|465,792
12 Oct 2023|0.6550|0.6600|0.6500|0.6550|0.6221|1,253,920
11 Oct 2023|0.6650|0.6750|0.6600|0.6750|0.6410|557,759
10 Oct 2023|0.6600|0.6650|0.6600|0.6600|0.6268|386,119
09 Oct 2023|0.6700|0.6700|0.6600|0.6650|0.6315|230,643
06 Oct 2023|0.6700|0.6750|0.6700|0.6700|0.6363|119,249
05 Oct 2023|0.6700|0.6750|0.6650|0.6650|0.6315|153,171
04 Oct 2023|0.6800|0.6800|0.6650|0.6650|0.6315|864,272
03 Oct 2023|0.6800|0.6850|0.6750|0.6800|0.6458|336,136
02 Oct 2023|0.6800|0.6850|0.6800|0.6800|0.6458|131,759
29 Sept 2023|0.6850|0.6850|0.6800|0.6800|0.6458|199,009
28 Sept 2023|0.6900|0.6900|0.6800|0.6800|0.6458|226,267
27 Sept 2023|0.6850|0.6900|0.6800|0.6900|0.6553|445,850
26 Sept 2023|0.6900|0.7000|0.6850|0.6900|0.6553|457,126
25 Sept 2023|0.6850|0.7000|0.6850|0.7000|0.6648|668,170
22 Sept 2023|0.6850|0.6950|0.6800|0.6800|0.6458|1,039,883
21 Sept 2023|0.6750|0.6850|0.6750|0.6850|0.6505|327,860
20 Sept 2023|0.6800|0.6850|0.6750|0.6750|0.6410|782,653
19 Sept 2023|0.6850|0.6850|0.6750|0.6750|0.6410|266,155
18 Sept 2023|0.6800|0.6850|0.6750|0.6850|0.6505|2,182,081
15 Sept 2023|0.6850|0.6850|0.6800|0.6800|0.6458|271,853
14 Sept 2023|0.6950|0.6950|0.6850|0.6850|0.6505|1,084,984
13 Sept 2023|0.6900|0.6950|0.6850|0.6950|0.6600|301,100
12 Sept 2023|0.6950|0.7050|0.6850|0.7000|0.6648|1,641,864
11 Sept 2023|0.7100|0.7100|0.6950|0.6950|0.6600|369,345
08 Sept 2023|0.7100|0.7150|0.7050|0.7050|0.6695|458,840
07 Sept 2023|0.7150|0.7150|0.6900|0.7050|0.6695|924,227
07 Sept 2023|0.064687Dividend
06 Sept 2023|0.7600|0.7650|0.7550|0.7600|0.6603|1,705,993
05 Sept 2023|0.7650|0.7700|0.7600|0.7650|0.6647|1,115,821
04 Sept 2023|0.7550|0.7600|0.7500|0.7550|0.6560|928,272
01 Sept 2023|0.7450|0.7600|0.7400|0.7550|0.6560|969,551
31 Aug 2023|0.7400|0.7450|0.7350|0.7400|0.6430|678,929
30 Aug 2023|0.7350|0.7450|0.7350|0.7350|0.6386|1,554,122
29 Aug 2023|0.7300|0.7350|0.7250|0.7350|0.6386|620,332
28 Aug 2023|0.7200|0.7300|0.7200|0.7300|0.6343|448,819
25 Aug 2023|0.7200|0.7250|0.7200|0.7200|0.6256|420,037
24 Aug 2023|0.7300|0.7300|0.7100|0.7200|0.6256|3,011,404
23 Aug 2023|0.7000|0.7150|0.7000|0.7150|0.6212|1,303,472
22 Aug 2023|0.6900|0.7000|0.6900|0.6950|0.6039|562,606
21 Aug 2023|0.7050|0.7100|0.6900|0.6900|0.5995|331,365
18 Aug 2023|0.6950|0.7050|0.6950|0.7050|0.6125|203,951
17 Aug 2023|0.7100|0.7100|0.7000|0.7000|0.6082|760,330
16 Aug 2023|0.7150|0.7200|0.7100|0.7150|0.6212|360,207
15 Aug 2023|0.7200|0.7200|0.7100|0.7150|0.6212|1,056,066
14 Aug 2023|0.7200|0.7200|0.7100|0.7150|0.6212|600,705
11 Aug 2023|0.7150|0.7250|0.7150|0.7200|0.6256|497,224
10 Aug 2023|0.7150|0.7200|0.7150|0.7150|0.6212|263,175
09 Aug 2023|0.7200|0.7200|0.7150|0.7150|0.6212|134,426
08 Aug 2023|0.7250|0.7250|0.7150|0.7150|0.6212|689,061
07 Aug 2023|0.7200|0.7250|0.7200|0.7200|0.6256|153,936
04 Aug 2023|0.7250|0.7250|0.7200|0.7200|0.6256|116,566
03 Aug 2023|0.7300|0.7300|0.7250|0.7250|0.6299|156,578
02 Aug 2023|0.7200|0.7350|0.7200|0.7300|0.6343|976,259
01 Aug 2023|0.7300|0.7300|0.7200|0.7200|0.6256|196,762
31 July 2023|0.7300|0.7300|0.7200|0.7275|0.6321|1,141,844
28 July 2023|0.7200|0.7300|0.7200|0.7300|0.6343|474,824
27 July 2023|0.7200|0.7250|0.7150|0.7200|0.6256|291,778
26 July 2023|0.7200|0.7250|0.7150|0.7200|0.6256|596,152
25 July 2023|0.7200|0.7300|0.7200|0.7200|0.6256|402,240
24 July 2023|0.7250|0.7250|0.7200|0.7200|0.6256|143,513
21 July 2023|0.7150|0.7200|0.7150|0.7200|0.6256|298,394
20 July 2023|0.7200|0.7300|0.7150|0.7150|0.6212|630,224
19 July 2023|0.7300|0.7300|0.7200|0.7200|0.6256|558,798
18 July 2023|0.7250|0.7300|0.7250|0.7300|0.6343|261,046
17 July 2023|0.7250|0.7350|0.7250|0.7250|0.6299|238,596
14 July 2023|0.7250|0.7350|0.7250|0.7300|0.6343|165,716
13 July 2023|0.7300|0.7300|0.7200|0.7200|0.6256|854,045
12 July 2023|0.7300|0.7350|0.7250|0.7250|0.6299|739,235
11 July 2023|0.7250|0.7350|0.7225|0.7350|0.6386|797,232
10 July 2023|0.7250|0.7300|0.7200|0.7200|0.6256|383,014
07 July 2023|0.7250|0.7300|0.7200|0.7300|0.6343|1,080,099
06 July 2023|0.7200|0.7325|0.7200|0.7200|0.6256|1,865,132
05 July 2023|0.7200|0.7300|0.7150|0.7250|0.6299|694,088
04 July 2023|0.7250|0.7250|0.7150|0.7250|0.6299|275,591
03 July 2023|0.7150|0.7250|0.7100|0.7100|0.6169|658,640
30 June 2023|0.7100|0.7150|0.7050|0.7150|0.6212|500,791
29 June 2023|0.7100|0.7150|0.7050|0.7050|0.6125|235,560
28 June 2023|0.7100|0.7200|0.7100|0.7200|0.6256|537,235
27 June 2023|0.7150|0.7150|0.7050|0.7150|0.6212|365,426
26 June 2023|0.7100|0.7150|0.7050|0.7050|0.6125|239,450
23 June 2023|0.7150|0.7200|0.7050|0.7050|0.6125|331,321
22 June 2023|0.7150|0.7200|0.7150|0.7200|0.6256|324,705
21 June 2023|0.7200|0.7200|0.7150|0.7150|0.6212|195,141
20 June 2023|0.7200|0.7250|0.7150|0.7150|0.6212|820,170
19 June 2023|0.7200|0.7300|0.7200|0.7200|0.6256|452,859
16 June 2023|0.7200|0.7300|0.7200|0.7300|0.6343|530,170
15 June 2023|0.7200|0.7250|0.7200|0.7250|0.6299|1,191,648
14 June 2023|0.7200|0.7200|0.7100|0.7200|0.6256|504,213
13 June 2023|0.7100|0.7200|0.7100|0.7200|0.6256|258,511
09 June 2023|0.7050|0.7100|0.7000|0.7100|0.6169|307,336
08 June 2023|0.7100|0.7100|0.7000|0.7050|0.6125|577,494
07 June 2023|0.7050|0.7050|0.6950|0.6950|0.6039|971,277
06 June 2023|0.7100|0.7100|0.7025|0.7050|0.6125|251,162
05 June 2023|0.7100|0.7150|0.7050|0.7050|0.6125|241,563
02 June 2023|0.7150|0.7250|0.7100|0.7100|0.6169|286,608
01 June 2023|0.7200|0.7250|0.7125|0.7150|0.6212|570,593
31 May 2023|0.7150|0.7200|0.7050|0.7100|0.6169|652,019
30 May 2023|0.7150|0.7250|0.7100|0.7200|0.6256|650,256
29 May 2023|0.7150|0.7200|0.7150|0.7150|0.6212|87,015
26 May 2023|0.7150|0.7200|0.7150|0.7150|0.6212|119,380
25 May 2023|0.7250|0.7250|0.7150|0.7200|0.6256|546,765
24 May 2023|0.7300|0.7300|0.7225|0.7300|0.6343|883,514
23 May 2023|0.7300|0.7350|0.7250|0.7250|0.6299|176,864
22 May 2023|0.7200|0.7350|0.7200|0.7300|0.6343|1,358,069
19 May 2023|0.7250|0.7300|0.7200|0.7250|0.6299|1,377,395
18 May 2023|0.7150|0.7250|0.7150|0.7250|0.6299|419,978
17 May 2023|0.7150|0.7200|0.7100|0.7150|0.6212|210,518
16 May 2023|0.7200|0.7200|0.7100|0.7150|0.6212|461,071
15 May 2023|0.7250|0.7250|0.7150|0.7250|0.6299|501,167
12 May 2023|0.7150|0.7250|0.7100|0.7250|0.6299|1,861,356
11 May 2023|0.7000|0.7150|0.7000|0.7150|0.6212|759,128
10 May 2023|0.6950|0.7050|0.6900|0.7000|0.6082|669,349
09 May 2023|0.7000|0.7050|0.6900|0.6900|0.5995|468,033
08 May 2023|0.7000|0.7100|0.6950|0.6950|0.6039|228,495
05 May 2023|0.7150|0.7150|0.6950|0.6950|0.6039|2,100,982
04 May 2023|0.7150|0.7150|0.7000|0.7100|0.6169|1,890,264
03 May 2023|0.7100|0.7200|0.7100|0.7150|0.6212|924,342
02 May 2023|0.7050|0.7150|0.7050|0.7050|0.6125|779,187
01 May 2023|0.7050|0.7100|0.7000|0.7000|0.6082|873,906
28 Apr 2023|0.7150|0.7250|0.6950|0.6950|0.6039|2,087,373
27 Apr 2023|0.7150|0.7200|0.7100|0.7150|0.6212|1,565,073
26 Apr 2023|0.7050|0.7100|0.7025|0.7100|0.6169|507,199
24 Apr 2023|0.7000|0.7050|0.6950|0.7050|0.6125|416,686
21 Apr 2023|0.7000|0.7050|0.6950|0.7000|0.6082|467,414
20 Apr 2023|0.7100|0.7100|0.7000|0.7000|0.6082|806,117
19 Apr 2023|0.7100|0.7100|0.7050|0.7050|0.6125|272,980
18 Apr 2023|0.7100|0.7150|0.7050|0.7150|0.6212|558,287
17 Apr 2023|0.7100|0.7100|0.7050|0.7050|0.6125|361,699
14 Apr 2023|0.7150|0.7200|0.7100|0.7100|0.6169|145,575
13 Apr 2023|0.7150|0.7150|0.7100|0.7100|0.6169|598,603
12 Apr 2023|0.7200|0.7200|0.7125|0.7150|0.6212|439,248
11 Apr 2023|0.7200|0.7250|0.7150|0.7150|0.6212|416,665
06 Apr 2023|0.7200|0.7300|0.7200|0.7250|0.6299|493,769
05 Apr 2023|0.7150|0.7250|0.7125|0.7150|0.6212|277,898
04 Apr 2023|0.7200|0.7250|0.7125|0.7200|0.6256|579,820
03 Apr 2023|0.7200|0.7300|0.7200|0.7300|0.6343|478,957
31 Mar 2023|0.7250|0.7300|0.7200|0.7200|0.6256|467,142
30 Mar 2023|0.7250|0.7300|0.7150|0.7300|0.6343|320,505
29 Mar 2023|0.7250|0.7300|0.7150|0.7300|0.6343|621,221
28 Mar 2023|0.7100|0.7250|0.7100|0.7250|0.6299|539,056
27 Mar 2023|0.7150|0.7150|0.7100|0.7100|0.6169|355,986
24 Mar 2023|0.7100|0.7250|0.7100|0.7200|0.6256|1,074,178
23 Mar 2023|0.7100|0.7150|0.7050|0.7150|0.6212|447,170
22 Mar 2023|0.7100|0.7100|0.7050|0.7050|0.6125|336,216
21 Mar 2023|0.7150|0.7150|0.7050|0.7050|0.6125|445,279
20 Mar 2023|0.7200|0.7200|0.7100|0.7100|0.6169|581,745
17 Mar 2023|0.7200|0.7300|0.7150|0.7250|0.6299|766,847
16 Mar 2023|0.7250|0.7250|0.7100|0.7200|0.6256|814,989
15 Mar 2023|0.7350|0.7350|0.7250|0.7250|0.6299|445,535
14 Mar 2023|0.7300|0.7350|0.7150|0.7350|0.6386|1,176,365
13 Mar 2023|0.7300|0.7350|0.7250|0.7250|0.6299|331,145
10 Mar 2023|0.7400|0.7450|0.7300|0.7350|0.6386|3,258,676
09 Mar 2023|0.7450|0.7450|0.7350|0.7450|0.6473|865,070
08 Mar 2023|0.7300|0.7500|0.7300|0.7450|0.6473|2,813,101
07 Mar 2023|0.7200|0.7350|0.7200|0.7300|0.6343|527,004
06 Mar 2023|0.7200|0.7300|0.7200|0.7250|0.6299|316,699
03 Mar 2023|0.7250|0.7300|0.7200|0.7200|0.6256|698,954
02 Mar 2023|0.7300|0.7300|0.7150|0.7200|0.6256|496,336
01 Mar 2023|0.7200|0.7250|0.7150|0.7150|0.6212|423,286
28 Feb 2023|0.7100|0.7200|0.7100|0.7200|0.6256|489,914
27 Feb 2023|0.7200|0.7200|0.7100|0.7150|0.6212|364,112
24 Feb 2023|0.7250|0.7300|0.7150|0.7150|0.6212|698,774
23 Feb 2023|0.7250|0.7350|0.7200|0.7250|0.6299|588,789
22 Feb 2023|0.7300|0.7350|0.7200|0.7350|0.6386|849,180
21 Feb 2023|0.7350|0.7400|0.7250|0.7250|0.6299|292,098
20 Feb 2023|0.7400|0.7400|0.7250|0.7350|0.6386|944,793
17 Feb 2023|0.7250|0.7350|0.7250|0.7300|0.6343|380,376
16 Feb 2023|0.7250|0.7350|0.7250|0.7350|0.6386|485,365
15 Feb 2023|0.7250|0.7300|0.7250|0.7250|0.6299|385,800
14 Feb 2023|0.7300|0.7350|0.7250|0.7250|0.6299|369,243
13 Feb 2023|0.7400|0.7450|0.7225|0.7250|0.6299|891,246
10 Feb 2023|0.7350|0.7450|0.7300|0.7350|0.6386|905,706
09 Feb 2023|0.7250|0.7400|0.7250|0.7300|0.6343|2,107,615
08 Feb 2023|0.7200|0.7250|0.7200|0.7250|0.6299|237,343
07 Feb 2023|0.7200|0.7275|0.7200|0.7250|0.6299|518,543
06 Feb 2023|0.7150|0.7200|0.7100|0.7100|0.6169|265,955
03 Feb 2023|0.7200|0.7200|0.7100|0.7200|0.6256|111,116
02 Feb 2023|0.7200|0.7250|0.7100|0.7100|0.6169|403,965
01 Feb 2023|0.7100|0.7300|0.7100|0.7200|0.6256|1,246,125
31 Jan 2023|0.7200|0.7200|0.7050|0.7100|0.6169|686,416
30 Jan 2023|0.7200|0.7250|0.7150|0.7150|0.6212|371,504
27 Jan 2023|0.7250|0.7300|0.7150|0.7150|0.6212|299,126
25 Jan 2023|0.7200|0.7300|0.7150|0.7200|0.6256|356,609
24 Jan 2023|0.7300|0.7350|0.7175|0.7200|0.6256|685,811
23 Jan 2023|0.7350|0.7400|0.7300|0.7300|0.6343|436,702
20 Jan 2023|0.7300|0.7450|0.7250|0.7350|0.6386|2,316,437
19 Jan 2023|0.7200|0.7350|0.7150|0.7350|0.6386|734,331
18 Jan 2023|0.7150|0.7350|0.7150|0.7250|0.6299|2,392,217
17 Jan 2023|0.7050|0.7200|0.7050|0.7200|0.6256|658,809
16 Jan 2023|0.7050|0.7150|0.7000|0.7100|0.6169|768,924
13 Jan 2023|0.7000|0.7100|0.7000|0.7100|0.6169|252,814
12 Jan 2023|0.7050|0.7050|0.6950|0.6950|0.6039|425,520
11 Jan 2023|0.7000|0.7050|0.7000|0.7050|0.6125|198,354
10 Jan 2023|0.7050|0.7050|0.6950|0.6950|0.6039|330,908
09 Jan 2023|0.7000|0.7050|0.6975|0.7050|0.6125|608,691
06 Jan 2023|0.7000|0.7050|0.6900|0.6950|0.6039|490,682
05 Jan 2023|0.6950|0.7050|0.6950|0.7000|0.6082|623,414
04 Jan 2023|0.6800|0.7000|0.6800|0.6950|0.6039|463,832
03 Jan 2023|0.6900|0.6900|0.6550|0.6750|0.5865|1,076,672
30 Dec 2022|0.7050|0.7050|0.6850|0.6900|0.5995|509,782
29 Dec 2022|0.7200|0.7200|0.6900|0.6950|0.6039|795,277
28 Dec 2022|0.7200|0.7250|0.7100|0.7100|0.6169|433,678
23 Dec 2022|0.7250|0.7250|0.7200|0.7200|0.6256|273,296
22 Dec 2022|0.7300|0.7350|0.7250|0.7250|0.6299|370,213
21 Dec 2022|0.7400|0.7400|0.7300|0.7300|0.6343|268,595
20 Dec 2022|0.7350|0.7400|0.7250|0.7400|0.6430|921,221
19 Dec 2022|0.7350|0.7400|0.7300|0.7300|0.6343|281,562
16 Dec 2022|0.7250|0.7400|0.7250|0.7300|0.6343|666,128
15 Dec 2022|0.7400|0.7400|0.7250|0.7250|0.6299|391,446
14 Dec 2022|0.7400|0.7400|0.7300|0.7400|0.6430|989,495
13 Dec 2022|0.7350|0.7400|0.7250|0.7350|0.6386|530,023
12 Dec 2022|0.7300|0.7400|0.7250|0.7250|0.6299|1,173,650
09 Dec 2022|0.7300|0.7350|0.7200|0.7200|0.6256|778,401
08 Dec 2022|0.7450|0.7500|0.7300|0.7300|0.6343|2,242,572
07 Dec 2022|0.7250|0.7400|0.7200|0.7200|0.6256|738,091
06 Dec 2022|0.7250|0.7300|0.7250|0.7250|0.6299|144,971
05 Dec 2022|0.7300|0.7350|0.7250|0.7250|0.6299|814,715
02 Dec 2022|0.7250|0.7400|0.7200|0.7250|0.6299|823,512
01 Dec 2022|0.7250|0.7300|0.7150|0.7150|0.6212|1,327,216
30 Nov 2022|0.7200|0.7300|0.7150|0.7150|0.6212|740,366
29 Nov 2022|0.7150|0.7250|0.7150|0.7150|0.6212|559,207
28 Nov 2022|0.7150|0.7250|0.7150|0.7200|0.6256|361,403
25 Nov 2022|0.7300|0.7350|0.7100|0.7150|0.6212|1,469,903
24 Nov 2022|0.7400|0.7400|0.7200|0.7300|0.6343|767,379
23 Nov 2022|0.7350|0.7400|0.7300|0.7400|0.6430|1,147,041
22 Nov 2022|0.7300|0.7300|0.7200|0.7200|0.6256|403,064
21 Nov 2022|0.7250|0.7350|0.7200|0.7200|0.6256|818,445
18 Nov 2022|0.7350|0.7350|0.7250|0.7250|0.6299|454,804
17 Nov 2022|0.7250|0.7350|0.7250|0.7350|0.6386|593,470
16 Nov 2022|0.7350|0.7350|0.7250|0.7250|0.6299|797,208
15 Nov 2022|0.7300|0.7400|0.7250|0.7350|0.6386|687,821
14 Nov 2022|0.7500|0.7500|0.7300|0.7300|0.6343|1,156,466
11 Nov 2022|0.7450|0.7550|0.7350|0.7400|0.6430|2,807,749
10 Nov 2022|0.7450|0.7500|0.7350|0.7450|0.6473|1,334,590
09 Nov 2022|0.7500|0.7500|0.7400|0.7400|0.6430|694,737
08 Nov 2022|0.7500|0.7500|0.7400|0.7400|0.6430|828,249
07 Nov 2022|0.7500|0.7550|0.7400|0.7450|0.6473|1,098,494
04 Nov 2022|0.7450|0.7500|0.7300|0.7500|0.6516|1,548,698
03 Nov 2022|0.7300|0.7500|0.7300|0.7400|0.6430|1,177,486
02 Nov 2022|0.7300|0.7450|0.7250|0.7300|0.6343|2,143,763
01 Nov 2022|0.7100|0.7250|0.7100|0.7200|0.6256|505,099
31 Oct 2022|0.7000|0.7100|0.6950|0.7100|0.6169|967,653
28 Oct 2022|0.6950|0.7000|0.6900|0.6900|0.5995|437,575
27 Oct 2022|0.6900|0.7000|0.6900|0.6900|0.5995|847,604
26 Oct 2022|0.6950|0.7000|0.6800|0.6800|0.5908|1,252,434
25 Oct 2022|0.7000|0.7000|0.6900|0.6950|0.6039|511,506
24 Oct 2022|0.7000|0.7000|0.6900|0.6900|0.5995|442,087
21 Oct 2022|0.7000|0.7050|0.6850|0.6850|0.5952|696,568
20 Oct 2022|0.6950|0.7100|0.6900|0.6950|0.6039|635,149
19 Oct 2022|0.7050|0.7150|0.6900|0.6900|0.5995|1,834,356
18 Oct 2022|0.6700|0.6950|0.6700|0.6950|0.6039|2,185,501
17 Oct 2022|0.6700|0.6700|0.6600|0.6600|0.5734|420,123
14 Oct 2022|0.6700|0.6800|0.6650|0.6650|0.5778|1,192,829
13 Oct 2022|0.6650|0.6800|0.6550|0.6550|0.5691|2,564,074
12 Oct 2022|0.6350|0.6500|0.6350|0.6450|0.5604|2,292,333
11 Oct 2022|0.6300|0.6350|0.6250|0.6350|0.5517|522,113
10 Oct 2022|0.6350|0.6350|0.6200|0.6250|0.5430|464,409
07 Oct 2022|0.6250|0.6350|0.6200|0.6350|0.5517|2,245,567
06 Oct 2022|0.6300|0.6300|0.6200|0.6250|0.5430|368,568
05 Oct 2022|0.6300|0.6350|0.6200|0.6250|0.5430|988,972
04 Oct 2022|0.6250|0.6350|0.6200|0.6250|0.5430|709,814
03 Oct 2022|0.6250|0.6250|0.6050|0.6100|0.5300|464,806
30 Sept 2022|0.6250|0.6300|0.6100|0.6200|0.5387|771,167
29 Sept 2022|0.6250|0.6375|0.6150|0.6350|0.5517|1,206,301
28 Sept 2022|0.6250|0.6250|0.6000|0.6150|0.5344|1,018,898
27 Sept 2022|0.6250|0.6250|0.6050|0.6150|0.5344|1,217,940
26 Sept 2022|0.6400|0.6400|0.5900|0.6100|0.5300|1,916,919
23 Sept 2022|0.6500|0.6500|0.6250|0.6250|0.5430|1,341,199
21 Sept 2022|0.6200|0.6550|0.6200|0.6450|0.5604|3,728,348
20 Sept 2022|0.6000|0.6050|0.5950|0.5950|0.5170|223,402
19 Sept 2022|0.6150|0.6150|0.5950|0.5950|0.5170|277,662
16 Sept 2022|0.6000|0.6200|0.5925|0.6150|0.5344|939,125
15 Sept 2022|0.5950|0.6050|0.5900|0.5900|0.5126|465,059
14 Sept 2022|0.5950|0.5950|0.5850|0.5950|0.5170|630,696
13 Sept 2022|0.6000|0.6050|0.5950|0.5950|0.5170|197,774
12 Sept 2022|0.6050|0.6100|0.5950|0.5950|0.5170|189,174
09 Sept 2022|0.5950|0.6050|0.5950|0.6000|0.5213|112,072
08 Sept 2022|0.5950|0.6000|0.5900|0.5950|0.5170|490,530
07 Sept 2022|0.6000|0.6000|0.5900|0.5900|0.5126|140,507
06 Sept 2022|0.5950|0.6000|0.5900|0.5900|0.5126|397,040
05 Sept 2022|0.6050|0.6100|0.5950|0.5950|0.5170|345,928
02 Sept 2022|0.6100|0.6100|0.6000|0.6000|0.5213|617,387
01 Sept 2022|0.6100|0.6100|0.6000|0.6100|0.5300|413,991
31 Aug 2022|0.6000|0.6150|0.6000|0.6100|0.5300|1,072,237
30 Aug 2022|0.5850|0.6050|0.5850|0.6050|0.5257|751,762
29 Aug 2022|0.5900|0.5900|0.5800|0.5900|0.5126|915,953
26 Aug 2022|0.6000|0.6050|0.5950|0.5950|0.5170|1,292,246
25 Aug 2022|0.6000|0.6050|0.5900|0.5950|0.5170|725,855
24 Aug 2022|0.6000|0.6050|0.5950|0.6000|0.5213|791,489
23 Aug 2022|0.6000|0.6050|0.5900|0.5950|0.5170|1,266,894
22 Aug 2022|0.6100|0.6150|0.6000|0.6000|0.5213|886,520
19 Aug 2022|0.6100|0.6200|0.6050|0.6150|0.5344|742,294
18 Aug 2022|0.6200|0.6200|0.6025|0.6150|0.5344|743,536
17 Aug 2022|0.6250|0.6300|0.6150|0.6150|0.5344|666,747
16 Aug 2022|0.6250|0.6300|0.6150|0.6250|0.5430|1,677,030
15 Aug 2022|0.6200|0.6350|0.6175|0.6200|0.5387|3,422,360
12 Aug 2022|0.6050|0.6100|0.5950|0.6100|0.5300|1,394,437
11 Aug 2022|0.5950|0.6050|0.5850|0.6000|0.5213|2,159,592
10 Aug 2022|0.5850|0.5950|0.5800|0.5850|0.5083|868,154
09 Aug 2022|0.5650|0.5850|0.5650|0.5750|0.4996|2,925,164
08 Aug 2022|0.5600|0.5650|0.5550|0.5650|0.4909|928,697
05 Aug 2022|0.5600|0.5650|0.5600|0.5650|0.4909|839,883
04 Aug 2022|0.5650|0.5650|0.5550|0.5550|0.4822|1,194,245
03 Aug 2022|0.5650|0.5650|0.5525|0.5600|0.4866|1,393,027
02 Aug 2022|0.5650|0.5650|0.5550|0.5650|0.4909|965,042
01 Aug 2022|0.5450|0.5650|0.5450|0.5650|0.4909|719,103
29 July 2022|0.5500|0.5550|0.5450|0.5450|0.4735|769,465
28 July 2022|0.5500|0.5500|0.5400|0.5400|0.4692|773,044
27 July 2022|0.5450|0.5550|0.5400|0.5500|0.4779|431,726
26 July 2022|0.5550|0.5550|0.5400|0.5450|0.4735|1,059,917
25 July 2022|0.5550|0.5600|0.5500|0.5500|0.4779|978,576
22 July 2022|0.5600|0.5650|0.5550|0.5600|0.4866|1,281,955
21 July 2022|0.5650|0.5700|0.5600|0.5650|0.4909|826,484
20 July 2022|0.5700|0.5750|0.5650|0.5700|0.4953|787,145
19 July 2022|0.5700|0.5750|0.5600|0.5600|0.4866|1,022,764
18 July 2022|0.5750|0.5800|0.5700|0.5700|0.4953|815,144
15 July 2022|0.5750|0.5800|0.5650|0.5700|0.4953|1,603,923
14 July 2022|0.5700|0.5750|0.5600|0.5700|0.4953|693,914
13 July 2022|0.5650|0.5750|0.5650|0.5700|0.4953|1,119,982
12 July 2022|0.5650|0.5650|0.5550|0.5550|0.4822|824,932
11 July 2022|0.5700|0.5700|0.5550|0.5550|0.4822|1,163,570
08 July 2022|0.5750|0.5800|0.5600|0.5600|0.4866|1,943,448
07 July 2022|0.5850|0.5850|0.5650|0.5700|0.4953|802,725
06 July 2022|0.5800|0.5850|0.5650|0.5700|0.4953|2,234,034
05 July 2022|0.5700|0.5800|0.5600|0.5700|0.4953|2,494,742
04 July 2022|0.5550|0.5650|0.5500|0.5650|0.4909|1,827,696
01 July 2022|0.5150|0.5450|0.5150|0.5400|0.4692|2,663,590
30 June 2022|0.5200|0.5200|0.5050|0.5050|0.4388|1,865,259
29 June 2022|0.5100|0.5150|0.4900|0.5050|0.4388|3,846,776
28 June 2022|0.5200|0.5250|0.5050|0.5100|0.4431|1,344,448
27 June 2022|0.5200|0.5250|0.5100|0.5100|0.4431|4,568,996
24 June 2022|0.4950|0.5100|0.4950|0.5100|0.4431|2,073,219
23 June 2022|0.4900|0.4950|0.4850|0.4950|0.4301|2,627,201
22 June 2022|0.5100|0.5100|0.4850|0.4900|0.4257|3,012,941
21 June 2022|0.5100|0.5100|0.4950|0.5000|0.4344|2,131,916
20 June 2022|0.5100|0.5200|0.4950|0.5000|0.4344|1,176,869
17 June 2022|0.5000|0.5100|0.4900|0.5100|0.4431|2,552,699
16 June 2022|0.5050|0.5300|0.5050|0.5050|0.4388|2,884,478
15 June 2022|0.5000|0.5100|0.4900|0.4950|0.4301|2,734,770
14 June 2022|0.5100|0.5150|0.4700|0.5050|0.4388|7,415,726
10 June 2022|0.5550|0.5600|0.5250|0.5300|0.4605|3,997,009
09 June 2022|0.5750|0.5750|0.5550|0.5600|0.4866|1,492,873
08 June 2022|0.5750|0.5800|0.5650|0.5750|0.4996|2,034,184
07 June 2022|0.5850|0.5850|0.5700|0.5700|0.4953|2,697,784
06 June 2022|0.5850|0.5850|0.5700|0.5750|0.4996|995,499
03 June 2022|0.5850|0.5900|0.5750|0.5850|0.5083|1,046,451
02 June 2022|0.5800|0.5850|0.5700|0.5800|0.5039|1,629,975
01 June 2022|0.5900|0.5950|0.5750|0.5800|0.5039|2,428,360
31 May 2022|0.6100|0.6100|0.5800|0.5800|0.5039|2,816,676
30 May 2022|0.6050|0.6100|0.5950|0.6000|0.5213|2,143,673
27 May 2022|0.6000|0.6100|0.5900|0.5950|0.5170|2,485,843
26 May 2022|0.5950|0.6050|0.5900|0.5900|0.5126|2,022,617
25 May 2022|0.5900|0.6000|0.5800|0.5900|0.5126|1,826,941
24 May 2022|0.6150|0.6150|0.5900|0.5900|0.5126|2,394,701
23 May 2022|0.6250|0.6250|0.5950|0.6050|0.5257|1,340,207
20 May 2022|0.6100|0.6250|0.6050|0.6200|0.5387|2,769,910
19 May 2022|0.6050|0.6050|0.5900|0.6050|0.5257|2,253,413
18 May 2022|0.6100|0.6250|0.6100|0.6100|0.5300|2,173,152
17 May 2022|0.6150|0.6300|0.6100|0.6150|0.5344|2,554,561
16 May 2022|0.6450|0.6450|0.6300|0.6300|0.5474|1,522,034
13 May 2022|0.6400|0.6500|0.6300|0.6350|0.5517|2,439,133
12 May 2022|0.6700|0.6700|0.6350|0.6350|0.5517|3,913,042
11 May 2022|0.6550|0.6700|0.6500|0.6600|0.5734|2,977,779
10 May 2022|0.6500|0.6650|0.6300|0.6500|0.5648|8,781,426
09 May 2022|0.7200|0.7200|0.6750|0.6750|0.5865|5,869,661
06 May 2022|0.7300|0.7350|0.7150|0.7250|0.6299|5,161,158
05 May 2022|0.7400|0.7650|0.7350|0.7450|0.6473|5,447,621
04 May 2022|0.7900|0.7900|0.7900|0.7900|0.6864|-
03 May 2022|0.8050|0.8050|0.7850|0.7900|0.6864|1,729,961
02 May 2022|0.8000|0.8200|0.7950|0.8050|0.6994|2,535,207
29 Apr 2022|0.8000|0.8050|0.7900|0.7950|0.6907|1,226,077
28 Apr 2022|0.8100|0.8100|0.7850|0.7900|0.6864|2,273,654
27 Apr 2022|0.8200|0.8200|0.7900|0.7950|0.6907|1,176,094
26 Apr 2022|0.8000|0.8200|0.7900|0.8150|0.7081|3,431,642
22 Apr 2022|0.7900|0.8150|0.7850|0.8050|0.6994|4,192,416
21 Apr 2022|0.7700|0.7800|0.7650|0.7700|0.6690|1,512,987
20 Apr 2022|0.7600|0.7750|0.7600|0.7650|0.6647|855,835
19 Apr 2022|0.7850|0.7850|0.7600|0.7600|0.6603|1,906,089
14 Apr 2022|0.7750|0.7900|0.7700|0.7800|0.6777|2,574,671
13 Apr 2022|0.7750|0.7800|0.7600|0.7700|0.6690|1,349,664
12 Apr 2022|0.7850|0.8000|0.7600|0.7650|0.6647|2,304,524
11 Apr 2022|0.7450|0.7800|0.7450|0.7750|0.6734|2,956,090
08 Apr 2022|0.7300|0.7550|0.7250|0.7450|0.6473|3,134,383
07 Apr 2022|0.7800|0.7800|0.7300|0.7500|0.6516|4,913,991
06 Apr 2022|0.7950|0.8300|0.7600|0.7800|0.6777|9,798,554
05 Apr 2022|0.8900|0.8900|0.8300|0.8600|0.7472|4,797,596
04 Apr 2022|1.1000|1.1200|0.8850|0.8900|0.7733|16,430,698
01 Apr 2022|0.7287|0.7287|0.6978|0.7102|0.6171|7,046,217
31 Mar 2022|0.6855|0.7442|0.6701|0.7380|0.6412|13,763,364
30 Mar 2022|0.8028|0.8028|0.7874|0.7905|0.6868|1,996,856
29 Mar 2022|0.7936|0.8028|0.7874|0.7967|0.6922|2,586,613
28 Mar 2022|0.8028|0.8059|0.7905|0.7936|0.6895|1,685,066
25 Mar 2022|0.8028|0.8059|0.7905|0.7967|0.6922|2,046,325
24 Mar 2022|0.8152|0.8152|0.7967|0.8028|0.6975|2,940,365
23 Mar 2022|0.8152|0.8244|0.8121|0.8214|0.7136|1,200,996
22 Mar 2022|0.8214|0.8275|0.8090|0.8183|0.7110|1,568,598
21 Mar 2022|0.8183|0.8306|0.8183|0.8244|0.7163|1,279,275
18 Mar 2022|0.8337|0.8368|0.8152|0.8152|0.7083|1,615,162
17 Mar 2022|0.8399|0.8461|0.8275|0.8306|0.7217|3,583,174
16 Mar 2022|0.8152|0.8337|0.8152|0.8214|0.7136|2,648,899
15 Mar 2022|0.8090|0.8121|0.7997|0.8059|0.7002|1,780,841
14 Mar 2022|0.8183|0.8244|0.8090|0.8121|0.7056|1,027,413
11 Mar 2022|0.8275|0.8306|0.8028|0.8214|0.7136|1,668,109
10 Mar 2022|0.8152|0.8399|0.8121|0.8306|0.7217|2,191,386
09 Mar 2022|0.8090|0.8152|0.7936|0.8028|0.6975|2,822,567
08 Mar 2022|0.8430|0.8461|0.7874|0.7997|0.6949|4,410,682
07 Mar 2022|0.8738|0.8738|0.8399|0.8522|0.7405|3,070,057
04 Mar 2022|0.8677|0.8754|0.8615|0.8738|0.7593|1,144,446
03 Mar 2022|0.8769|0.8831|0.8646|0.8677|0.7539|1,363,318
02 Mar 2022|0.8924|0.8924|0.8738|0.8769|0.7619|590,871
01 Mar 2022|0.8831|0.9016|0.8677|0.8924|0.7754|1,060,564
28 Feb 2022|0.8738|0.8831|0.8553|0.8646|0.7512|1,530,665
25 Feb 2022|0.8769|0.8862|0.8677|0.8708|0.7566|1,327,328
24 Feb 2022|0.9047|0.9047|0.8646|0.8831|0.7673|1,537,065
23 Feb 2022|0.8985|0.9202|0.8985|0.9140|0.7941|640,306
22 Feb 2022|0.9078|0.9078|0.8862|0.8985|0.7807|1,301,395
21 Feb 2022|0.9140|0.9171|0.9016|0.9109|0.7914|1,033,276
18 Feb 2022|0.9047|0.9171|0.8985|0.9140|0.7941|579,810
17 Feb 2022|0.9171|0.9294|0.9078|0.9109|0.7914|908,984
16 Feb 2022|0.9078|0.9202|0.9078|0.9202|0.7995|431,045
15 Feb 2022|0.8955|0.9047|0.8800|0.8985|0.7807|508,154
14 Feb 2022|0.9016|0.9047|0.8893|0.8893|0.7727|1,024,840
11 Feb 2022|0.9325|0.9387|0.9140|0.9233|0.8022|1,075,489
10 Feb 2022|0.9510|0.9572|0.9356|0.9387|0.8156|798,591
09 Feb 2022|0.9510|0.9510|0.9356|0.9480|0.8236|978,115
08 Feb 2022|0.9418|0.9634|0.9387|0.9572|0.8317|2,030,278
07 Feb 2022|0.9202|0.9202|0.9032|0.9140|0.7941|516,103
04 Feb 2022|0.9078|0.9171|0.9016|0.9078|0.7888|1,174,391
03 Feb 2022|0.8862|0.8985|0.8769|0.8985|0.7807|1,639,493
02 Feb 2022|0.8522|0.8800|0.8491|0.8769|0.7619|845,602
01 Feb 2022|0.8337|0.8522|0.8337|0.8430|0.7324|451,976
31 Jan 2022|0.8214|0.8337|0.8152|0.8337|0.7244|604,102
28 Jan 2022|0.8152|0.8275|0.8059|0.8152|0.7083|1,105,447
27 Jan 2022|0.8275|0.8337|0.8090|0.8183|0.7110|1,883,332
25 Jan 2022|0.8337|0.8337|0.8121|0.8121|0.7056|1,722,363
24 Jan 2022|0.8275|0.8275|0.8121|0.8275|0.7190|1,421,494
21 Jan 2022|0.8522|0.8522|0.8368|0.8399|0.7297|1,257,996
20 Jan 2022|0.8708|0.8708|0.8430|0.8522|0.7405|1,989,137
19 Jan 2022|0.8708|0.8738|0.8677|0.8738|0.7593|371,202
18 Jan 2022|0.8738|0.8769|0.8708|0.8708|0.7566|240,021
17 Jan 2022|0.8738|0.8800|0.8708|0.8738|0.7593|384,990
14 Jan 2022|0.8769|0.8769|0.8708|0.8769|0.7619|347,297
13 Jan 2022|0.8800|0.8800|0.8708|0.8708|0.7566|429,748
12 Jan 2022|0.8800|0.8831|0.8769|0.8800|0.7646|229,765
11 Jan 2022|0.8862|0.8862|0.8769|0.8769|0.7619|252,358
10 Jan 2022|0.8831|0.8862|0.8769|0.8862|0.7700|200,574
07 Jan 2022|0.8800|0.8862|0.8769|0.8800|0.7646|382,189
06 Jan 2022|0.8862|0.8893|0.8769|0.8769|0.7619|930,046
05 Jan 2022|0.8831|0.8893|0.8800|0.8893|0.7727|579,525
04 Jan 2022|0.8769|0.8831|0.8738|0.8831|0.7673|422,327
31 Dec 2021|0.8800|0.8831|0.8738|0.8738|0.7593|113,439
30 Dec 2021|0.8800|0.8831|0.8769|0.8831|0.7673|475,005
29 Dec 2021|0.8862|0.8893|0.8769|0.8893|0.7727|1,032,236
24 Dec 2021|0.8924|0.8955|0.8831|0.8955|0.7780|200,757
23 Dec 2021|0.8893|0.8955|0.8800|0.8924|0.7754|362,210
22 Dec 2021|0.8831|0.8862|0.8708|0.8862|0.7700|514,156
21 Dec 2021|0.8677|0.8893|0.8677|0.8893|0.7727|684,499
20 Dec 2021|0.8800|0.8831|0.8646|0.8708|0.7566|521,765
17 Dec 2021|0.8893|0.8955|0.8831|0.8831|0.7673|542,735
16 Dec 2021|0.8985|0.9016|0.8893|0.8893|0.7727|749,809
15 Dec 2021|0.9047|0.9124|0.8985|0.9016|0.7834|724,693
14 Dec 2021|0.9140|0.9202|0.8985|0.9047|0.7861|523,425
13 Dec 2021|0.9263|0.9263|0.9047|0.9140|0.7941|707,319
10 Dec 2021|0.9016|0.9202|0.8955|0.9078|0.7888|675,786
09 Dec 2021|0.8985|0.9078|0.8985|0.9016|0.7834|290,065
08 Dec 2021|0.9171|0.9202|0.8955|0.8955|0.7780|1,534,517
07 Dec 2021|0.8985|0.9140|0.8955|0.9047|0.7861|699,947
06 Dec 2021|0.8985|0.8985|0.8862|0.8862|0.7700|619,968
03 Dec 2021|0.8985|0.9016|0.8893|0.8893|0.7727|734,298
02 Dec 2021|0.8893|0.8955|0.8831|0.8831|0.7673|1,044,308
01 Dec 2021|0.8924|0.8985|0.8831|0.8924|0.7754|1,324,394
30 Nov 2021|0.9078|0.9109|0.8862|0.9016|0.7834|1,280,685
29 Nov 2021|0.8893|0.9016|0.8831|0.8955|0.7780|3,145,302
26 Nov 2021|0.9541|0.9603|0.9171|0.9171|0.7968|2,414,199
25 Nov 2021|0.9572|0.9603|0.9356|0.9603|0.8344|1,184,382
24 Nov 2021|0.9418|0.9572|0.9325|0.9480|0.8236|1,351,415
23 Nov 2021|0.9572|0.9634|0.9233|0.9325|0.8102|2,391,855
22 Nov 2021|0.9819|0.9850|0.9510|0.9572|0.8317|1,652,297
19 Nov 2021|0.9943|0.9943|0.9757|0.9757|0.8478|489,163
18 Nov 2021|0.9850|0.9943|0.9727|0.9943|0.8639|838,591
17 Nov 2021|0.9850|0.9850|0.9727|0.9850|0.8558|536,593
16 Nov 2021|0.9943|0.9943|0.9727|0.9943|0.8639|1,061,822
15 Nov 2021|0.9912|0.9974|0.9912|0.9943|0.8639|1,139,180
12 Nov 2021|0.9881|0.9974|0.9881|0.9912|0.8612|751,655
11 Nov 2021|0.9943|1.0004|0.9927|0.9943|0.8639|632,235
10 Nov 2021|1.0066|1.0066|0.9974|0.9974|0.8666|710,675
09 Nov 2021|1.0004|1.0128|1.0004|1.0035|0.8719|1,131,223
08 Nov 2021|0.9850|1.0035|0.9850|0.9943|0.8639|1,872,338
05 Nov 2021|0.9757|0.9819|0.9696|0.9819|0.8532|895,920
04 Nov 2021|0.9757|0.9757|0.9696|0.9757|0.8478|436,052
03 Nov 2021|0.9788|0.9819|0.9665|0.9696|0.8424|682,446
02 Nov 2021|0.9665|0.9757|0.9665|0.9757|0.8478|796,418
01 Nov 2021|0.9696|0.9850|0.9634|0.9634|0.8371|762,182
29 Oct 2021|0.9603|0.9819|0.9572|0.9696|0.8424|1,070,195
28 Oct 2021|0.9727|0.9757|0.9510|0.9541|0.8290|2,148,122
27 Oct 2021|0.9757|0.9819|0.9727|0.9727|0.8451|981,731
26 Oct 2021|0.9881|0.9881|0.9727|0.9819|0.8532|764,595
25 Oct 2021|0.9943|0.9943|0.9757|0.9850|0.8558|595,125
22 Oct 2021|0.9881|0.9881|0.9788|0.9881|0.8585|1,185,018
21 Oct 2021|0.9881|0.9881|0.9727|0.9819|0.8532|1,304,537
20 Oct 2021|0.9974|1.0004|0.9788|0.9788|0.8505|1,416,272
19 Oct 2021|0.9912|1.0004|0.9881|0.9881|0.8585|700,235
18 Oct 2021|0.9850|1.0004|0.9850|0.9881|0.8585|1,705,754
15 Oct 2021|0.9819|0.9850|0.9727|0.9727|0.8451|943,881
14 Oct 2021|0.9819|0.9850|0.9665|0.9727|0.8451|1,125,039
13 Oct 2021|0.9634|0.9757|0.9634|0.9727|0.8451|907,486
12 Oct 2021|0.9757|0.9788|0.9603|0.9603|0.8344|2,187,543
11 Oct 2021|0.9912|0.9943|0.9634|0.9788|0.8505|3,023,182
08 Oct 2021|0.9974|1.0066|0.9912|0.9974|0.8666|1,922,207
07 Oct 2021|1.0097|1.0159|0.9974|0.9974|0.8666|2,216,274
06 Oct 2021|1.0066|1.0190|1.0051|1.0066|0.8746|3,155,186
05 Oct 2021|0.9974|1.0035|0.9912|0.9974|0.8666|1,787,466
04 Oct 2021|0.9819|0.9974|0.9788|0.9974|0.8666|3,067,968
01 Oct 2021|0.9634|0.9757|0.9603|0.9757|0.8478|1,468,079
30 Sept 2021|0.9634|0.9757|0.9541|0.9757|0.8478|1,865,300
29 Sept 2021|0.9757|0.9757|0.9541|0.9665|0.8397|1,461,166
28 Sept 2021|1.0004|1.0004|0.9788|0.9788|0.8505|2,381,977
27 Sept 2021|0.9572|0.9974|0.9541|0.9881|0.8585|5,110,682
24 Sept 2021|0.9510|0.9572|0.9449|0.9541|0.8290|1,305,091
23 Sept 2021|0.9387|0.9541|0.9325|0.9510|0.8263|3,524,346
22 Sept 2021|0.9356|0.9387|0.9263|0.9387|0.8156|1,218,673
21 Sept 2021|0.9109|0.9387|0.9047|0.9387|0.8156|2,232,122
20 Sept 2021|0.9233|0.9263|0.9109|0.9171|0.7968|1,298,675
17 Sept 2021|0.9233|0.9263|0.9078|0.9263|0.8049|1,764,328
16 Sept 2021|0.9171|0.9263|0.9140|0.9263|0.8049|909,884
15 Sept 2021|0.9202|0.9263|0.9140|0.9171|0.7968|1,269,962
14 Sept 2021|0.9263|0.9325|0.9140|0.9171|0.7968|2,674,258
13 Sept 2021|0.9263|0.9294|0.9171|0.9263|0.8049|1,155,181
10 Sept 2021|0.9140|0.9294|0.9140|0.9202|0.7995|871,818
09 Sept 2021|0.9387|0.9418|0.9078|0.9140|0.7941|1,990,981
08 Sept 2021|0.9418|0.9418|0.9325|0.9418|0.8183|976,627
07 Sept 2021|0.9387|0.9449|0.9294|0.9418|0.8183|1,780,192
06 Sept 2021|0.9387|0.9387|0.9171|0.9263|0.8049|1,860,505
03 Sept 2021|0.9263|0.9480|0.9233|0.9387|0.8156|2,833,177
02 Sept 2021|0.9171|0.9263|0.9109|0.9263|0.8049|1,292,370
01 Sept 2021|0.9047|0.9140|0.8955|0.9140|0.7941|1,142,711
31 Aug 2021|0.8955|0.9047|0.8955|0.9016|0.7834|1,719,291
30 Aug 2021|0.8955|0.9032|0.8862|0.8924|0.7754|1,435,384
27 Aug 2021|0.8924|0.8924|0.8800|0.8893|0.7727|914,701
26 Aug 2021|0.9047|0.9078|0.8862|0.8955|0.7780|1,719,348
25 Aug 2021|0.8800|0.9140|0.8800|0.9109|0.7914|2,664,351
24 Aug 2021|0.8522|0.8800|0.8522|0.8738|0.7593|1,433,433
23 Aug 2021|0.8491|0.8584|0.8461|0.8553|0.7432|852,236
20 Aug 2021|0.8430|0.8491|0.8368|0.8461|0.7351|1,292,238
19 Aug 2021|0.8461|0.8538|0.8399|0.8430|0.7324|1,135,294
18 Aug 2021|0.8491|0.8553|0.8399|0.8491|0.7378|1,537,863
17 Aug 2021|0.8708|0.8785|0.8430|0.8491|0.7378|2,471,596
16 Aug 2021|0.8769|0.8831|0.8708|0.8769|0.7619|773,572
13 Aug 2021|0.8708|0.8800|0.8708|0.8769|0.7619|691,870
12 Aug 2021|0.8708|0.8800|0.8646|0.8646|0.7512|1,065,399
11 Aug 2021|0.8615|0.8769|0.8600|0.8646|0.7512|1,869,628
10 Aug 2021|0.8646|0.8708|0.8584|0.8584|0.7458|1,439,056
09 Aug 2021|0.8708|0.8738|0.8646|0.8708|0.7566|1,097,990
06 Aug 2021|0.8708|0.8800|0.8677|0.8708|0.7566|549,272
05 Aug 2021|0.8708|0.8769|0.8708|0.8708|0.7566|932,705
04 Aug 2021|0.8708|0.8738|0.8677|0.8677|0.7539|885,116
03 Aug 2021|0.8800|0.8831|0.8708|0.8738|0.7593|1,480,753
02 Aug 2021|0.8769|0.8831|0.8769|0.8800|0.7646|652,564
30 July 2021|0.8862|0.8862|0.8769|0.8769|0.7619|570,581
29 July 2021|0.8800|0.8862|0.8738|0.8800|0.7646|785,349
28 July 2021|0.8738|0.8831|0.8708|0.8800|0.7646|631,957
27 July 2021|0.8708|0.8769|0.8677|0.8738|0.7593|980,314
26 July 2021|0.8769|0.8800|0.8661|0.8708|0.7566|1,808,104
23 July 2021|0.8955|0.8955|0.8769|0.8831|0.7673|2,412,608
22 July 2021|0.8985|0.8985|0.8893|0.8924|0.7754|647,445
21 July 2021|0.8955|0.9078|0.8924|0.8924|0.7754|1,656,763
20 July 2021|0.8924|0.8955|0.8862|0.8893|0.7727|1,234,377
19 July 2021|0.9047|0.9047|0.8955|0.8985|0.7807|627,152
16 July 2021|0.8955|0.9047|0.8955|0.9047|0.7861|1,048,146
15 July 2021|0.9016|0.9016|0.8893|0.8893|0.7727|888,838
14 July 2021|0.8955|0.9016|0.8924|0.8955|0.7780|754,473
13 July 2021|0.9047|0.9047|0.8924|0.8924|0.7754|811,971
12 July 2021|0.9078|0.9078|0.8924|0.8985|0.7807|1,023,748
09 July 2021|0.9109|0.9140|0.8955|0.8985|0.7807|1,233,943
08 July 2021|0.9294|0.9294|0.9109|0.9109|0.7914|696,699
07 July 2021|0.9387|0.9387|0.9171|0.9233|0.8022|590,745
06 July 2021|0.9171|0.9356|0.9171|0.9294|0.8075|1,604,490
05 July 2021|0.9047|0.9202|0.9047|0.9140|0.7941|1,879,909
02 July 2021|0.8955|0.9047|0.8908|0.8985|0.7807|1,716,100
01 July 2021|0.8893|0.9047|0.8893|0.8955|0.7780|2,726,470
30 June 2021|0.8924|0.9047|0.8769|0.8862|0.7700|2,892,695
29 June 2021|0.8893|0.8955|0.8800|0.8862|0.7700|2,150,489
28 June 2021|0.8924|0.8955|0.8831|0.8924|0.7754|2,715,120
25 June 2021|0.8924|0.9078|0.8893|0.9047|0.7861|1,171,343
24 June 2021|0.8985|0.9047|0.8893|0.8893|0.7727|1,720,668
23 June 2021|0.9109|0.9140|0.8955|0.8955|0.7780|2,160,676
22 June 2021|0.9078|0.9171|0.9016|0.9109|0.7914|2,155,096
21 June 2021|0.9294|0.9325|0.9016|0.9047|0.7861|1,934,901
18 June 2021|0.9263|0.9387|0.9233|0.9263|0.8049|1,386,279
17 June 2021|0.9294|0.9356|0.9263|0.9263|0.8049|1,256,423
16 June 2021|0.9294|0.9356|0.9263|0.9263|0.8049|892,738
15 June 2021|0.9387|0.9418|0.9294|0.9294|0.8075|1,942,160
11 June 2021|0.9356|0.9449|0.9263|0.9325|0.8102|1,324,697
10 June 2021|0.9510|0.9541|0.9233|0.9233|0.8022|3,742,606
09 June 2021|0.9572|0.9603|0.9510|0.9510|0.8263|825,667
08 June 2021|0.9603|0.9634|0.9510|0.9510|0.8263|774,228
07 June 2021|0.9757|0.9757|0.9480|0.9572|0.8317|864,676
04 June 2021|0.9757|0.9757|0.9665|0.9757|0.8478|342,186
03 June 2021|0.9788|0.9788|0.9727|0.9757|0.8478|702,724
02 June 2021|0.9634|0.9819|0.9634|0.9819|0.8532|1,437,376
01 June 2021|0.9634|0.9634|0.9510|0.9634|0.8371|793,000
31 May 2021|0.9603|0.9665|0.9541|0.9603|0.8344|1,164,256
28 May 2021|0.9665|0.9788|0.9603|0.9603|0.8344|999,715
27 May 2021|0.9696|0.9819|0.9665|0.9665|0.8397|1,174,381
26 May 2021|0.9572|0.9757|0.9541|0.9665|0.8397|868,698
25 May 2021|0.9572|0.9634|0.9480|0.9634|0.8371|793,826
24 May 2021|0.9757|0.9757|0.9572|0.9572|0.8317|887,935
21 May 2021|0.9665|0.9696|0.9510|0.9634|0.8371|1,186,663
20 May 2021|0.9418|0.9727|0.9418|0.9603|0.8344|1,673,579
19 May 2021|0.9480|0.9541|0.9325|0.9325|0.8102|1,038,961
18 May 2021|0.9510|0.9603|0.9387|0.9480|0.8236|838,379
17 May 2021|0.9387|0.9480|0.9387|0.9480|0.8236|518,397
14 May 2021|0.9387|0.9387|0.9263|0.9387|0.8156|1,136,620
13 May 2021|0.9387|0.9387|0.9202|0.9202|0.7995|1,507,641
12 May 2021|0.9541|0.9541|0.9387|0.9418|0.8183|1,218,493
11 May 2021|0.9541|0.9634|0.9418|0.9634|0.8371|1,285,646
10 May 2021|0.9634|0.9634|0.9541|0.9603|0.8344|948,361
07 May 2021|0.9603|0.9696|0.9572|0.9696|0.8424|781,153
06 May 2021|0.9727|0.9757|0.9572|0.9634|0.8371|3,165,068
05 May 2021|0.9757|0.9788|0.9634|0.9727|0.8451|1,151,621
04 May 2021|0.9819|0.9850|0.9727|0.9727|0.8451|876,961
03 May 2021|0.9881|0.9881|0.9757|0.9850|0.8558|603,995
30 Apr 2021|0.9850|1.0004|0.9819|0.9912|0.8612|629,368
29 Apr 2021|0.9881|0.9912|0.9850|0.9850|0.8558|1,094,577
28 Apr 2021|0.9757|0.9881|0.9757|0.9881|0.8585|760,294
27 Apr 2021|0.9819|0.9881|0.9665|0.9665|0.8397|1,051,987
26 Apr 2021|0.9881|0.9912|0.9757|0.9819|0.8532|648,971
23 Apr 2021|0.9788|0.9943|0.9727|0.9819|0.8532|1,151,256
22 Apr 2021|0.9881|0.9974|0.9788|0.9850|0.8558|930,026
21 Apr 2021|1.0097|1.0097|0.9850|1.0004|0.8693|1,646,136
20 Apr 2021|1.0128|1.0190|1.0004|1.0035|0.8719|1,084,388
19 Apr 2021|1.0251|1.0375|1.0128|1.0128|0.8800|1,591,433
16 Apr 2021|1.0128|1.0190|1.0004|1.0128|0.8800|980,852
15 Apr 2021|1.0097|1.0159|1.0035|1.0035|0.8719|997,965
14 Apr 2021|1.0251|1.0251|1.0035|1.0097|0.8773|1,879,373
13 Apr 2021|1.0313|1.0344|1.0190|1.0221|0.8880|1,503,813
12 Apr 2021|1.0499|1.0499|1.0313|1.0375|0.9014|1,049,726
09 Apr 2021|1.0313|1.0468|1.0313|1.0468|0.9095|1,485,007
08 Apr 2021|1.0344|1.0375|1.0190|1.0251|0.8907|1,648,741
07 Apr 2021|1.0622|1.0715|1.0282|1.0313|0.8961|3,818,364
06 Apr 2021|1.0437|1.0622|1.0128|1.0560|0.9175|6,856,464
01 Apr 2021|0.9665|0.9850|0.9634|0.9757|0.8478|2,027,123
31 Mar 2021|0.9634|0.9850|0.9572|0.9665|0.8397|2,505,481
30 Mar 2021|0.9757|0.9757|0.9387|0.9449|0.8210|2,466,722
29 Mar 2021|0.9943|0.9974|0.9696|0.9727|0.8451|2,158,118
26 Mar 2021|1.0128|1.0190|0.9912|0.9943|0.8639|2,034,789
25 Mar 2021|0.9912|1.0159|0.9850|1.0035|0.8719|1,504,258
24 Mar 2021|1.0128|1.0128|0.9881|0.9912|0.8612|1,952,089
23 Mar 2021|1.0406|1.0406|1.0066|1.0128|0.8800|2,855,447
22 Mar 2021|1.0746|1.0807|1.0344|1.0344|0.8988|3,770,445
19 Mar 2021|1.0468|1.0622|1.0344|1.0591|0.9202|2,585,520
18 Mar 2021|1.0468|1.0622|1.0313|1.0344|0.8988|3,274,975
17 Mar 2021|1.0375|1.0406|1.0221|1.0375|0.9014|1,440,514
16 Mar 2021|1.0221|1.0375|1.0128|1.0375|0.9014|2,960,230
15 Mar 2021|1.0159|1.0282|0.9943|1.0128|0.8800|3,032,701
12 Mar 2021|1.0097|1.0190|1.0004|1.0128|0.8800|2,623,586
11 Mar 2021|0.9603|0.9850|0.9603|0.9819|0.8532|2,327,494
10 Mar 2021|0.9263|0.9603|0.9263|0.9510|0.8263|2,883,939
09 Mar 2021|0.9047|0.9263|0.9047|0.9233|0.8022|3,051,005
08 Mar 2021|0.9171|0.9202|0.9016|0.9016|0.7834|1,832,582
05 Mar 2021|0.9109|0.9140|0.9047|0.9140|0.7941|1,585,248
04 Mar 2021|0.9171|0.9171|0.9047|0.9140|0.7941|1,883,369
03 Mar 2021|0.9078|0.9171|0.9016|0.9078|0.7888|1,590,944
02 Mar 2021|0.9202|0.9294|0.9016|0.9016|0.7834|1,920,701
01 Mar 2021|0.9109|0.9294|0.9109|0.9202|0.7995|2,027,745
26 Feb 2021|0.9263|0.9263|0.9047|0.9078|0.7888|2,259,431
25 Feb 2021|0.9171|0.9263|0.9140|0.9263|0.8049|3,238,138
24 Feb 2021|0.9202|0.9233|0.9016|0.9016|0.7834|2,468,458
23 Feb 2021|0.9078|0.9387|0.8955|0.9233|0.8022|5,286,897
22 Feb 2021|0.8955|0.9078|0.8831|0.8924|0.7754|4,558,398
19 Feb 2021|0.8955|0.8955|0.8708|0.8862|0.7700|1,836,757
18 Feb 2021|0.9109|0.9109|0.8831|0.8893|0.7727|3,062,652
17 Feb 2021|0.9171|0.9233|0.8985|0.9140|0.7941|2,126,838
16 Feb 2021|0.8985|0.9233|0.8985|0.9140|0.7941|1,290,274
15 Feb 2021|0.8862|0.8985|0.8769|0.8985|0.7807|1,929,497
12 Feb 2021|0.9140|0.9140|0.8955|0.8985|0.7807|2,116,055
11 Feb 2021|0.9263|0.9263|0.9109|0.9171|0.7968|1,801,215
10 Feb 2021|0.9418|0.9418|0.9233|0.9263|0.8049|1,561,150
09 Feb 2021|0.9325|0.9418|0.9294|0.9356|0.8129|1,530,962
08 Feb 2021|0.9418|0.9510|0.9325|0.9325|0.8102|886,296
05 Feb 2021|0.9418|0.9510|0.9356|0.9387|0.8156|960,467
04 Feb 2021|0.9634|0.9696|0.9356|0.9387|0.8156|1,560,938
03 Feb 2021|0.9634|0.9757|0.9572|0.9572|0.8317|2,160,594
02 Feb 2021|0.9387|0.9572|0.9387|0.9510|0.8263|1,491,859
01 Feb 2021|0.9263|0.9572|0.9202|0.9356|0.8129|2,299,356
29 Jan 2021|0.9263|0.9418|0.9140|0.9140|0.7941|1,781,724
28 Jan 2021|0.9140|0.9294|0.9016|0.9263|0.8049|3,840,323
27 Jan 2021|0.9418|0.9510|0.9171|0.9263|0.8049|3,777,063
25 Jan 2021|0.9696|0.9696|0.9480|0.9541|0.8290|1,926,071
22 Jan 2021|0.9696|0.9881|0.9603|0.9788|0.8505|1,186,926
21 Jan 2021|0.9572|0.9696|0.9510|0.9634|0.8371|1,350,867
20 Jan 2021|0.9572|0.9665|0.9449|0.9449|0.8210|1,444,384
19 Jan 2021|0.9757|0.9757|0.9572|0.9634|0.8371|1,403,269
18 Jan 2021|0.9912|0.9943|0.9696|0.9727|0.8451|1,224,951
15 Jan 2021|0.9788|1.0035|0.9788|0.9912|0.8612|1,378,803
14 Jan 2021|0.9881|0.9881|0.9757|0.9881|0.8585|981,207
13 Jan 2021|1.0004|1.0004|0.9881|0.9881|0.8585|831,484
12 Jan 2021|1.0066|1.0066|0.9912|0.9943|0.8639|937,341
11 Jan 2021|1.0190|1.0282|1.0066|1.0190|0.8853|1,309,845
08 Jan 2021|1.0251|1.0344|1.0190|1.0190|0.8853|923,123
07 Jan 2021|1.0344|1.0437|1.0221|1.0221|0.8880|635,411
06 Jan 2021|1.0344|1.0344|1.0221|1.0221|0.8880|918,065
05 Jan 2021|1.0344|1.0344|1.0190|1.0344|0.8988|1,509,824
04 Jan 2021|1.0282|1.0437|1.0066|1.0437|0.9068|1,963,993
31 Dec 2020|1.0560|1.0560|1.0282|1.0282|0.8934|1,358,274
30 Dec 2020|1.0622|1.0622|1.0437|1.0499|0.9122|1,704,334
29 Dec 2020|1.0375|1.0653|1.0375|1.0653|0.9256|1,643,190
24 Dec 2020|1.0221|1.0375|1.0190|1.0313|0.8961|997,012
23 Dec 2020|0.9850|1.0313|0.9850|1.0190|0.8853|3,737,697
22 Dec 2020|1.0004|1.0004|0.9696|0.9757|0.8478|5,277,473
21 Dec 2020|1.0221|1.0406|1.0004|1.0251|0.8907|4,826,006
18 Dec 2020|1.0746|1.0776|1.0375|1.0468|0.9095|5,930,396
17 Dec 2020|1.0962|1.0962|1.0746|1.0807|0.9390|1,659,765
16 Dec 2020|1.0931|1.0993|1.0807|1.0931|0.9497|1,402,605
15 Dec 2020|1.1054|1.1054|1.0776|1.0776|0.9363|2,238,388
14 Dec 2020|1.0993|1.1085|1.0746|1.0900|0.9471|3,375,747
11 Dec 2020|1.0962|1.0993|1.0807|1.0931|0.9497|2,032,172
10 Dec 2020|1.1116|1.1116|1.0715|1.0746|0.9336|2,850,589
09 Dec 2020|1.1240|1.1394|1.0993|1.1054|0.9605|4,139,048
08 Dec 2020|1.1240|1.1270|1.1085|1.1116|0.9658|1,672,154
07 Dec 2020|1.1240|1.1240|1.1054|1.1178|0.9712|2,738,851
04 Dec 2020|1.1116|1.1178|1.1054|1.1116|0.9658|2,210,785
03 Dec 2020|1.1023|1.1178|1.0993|1.0993|0.9551|3,484,096
02 Dec 2020|1.0838|1.1023|1.0838|1.0869|0.9444|2,618,761
01 Dec 2020|1.0746|1.0931|1.0684|1.0746|0.9336|2,013,342
30 Nov 2020|1.1023|1.1023|1.0684|1.0684|0.9283|3,042,042
27 Nov 2020|1.0807|1.1023|1.0499|1.0931|0.9497|3,626,678
26 Nov 2020|1.0931|1.0962|1.0622|1.0622|0.9229|3,477,832
25 Nov 2020|1.1425|1.1517|1.0962|1.0962|0.9524|8,986,596
24 Nov 2020|1.0622|1.1116|1.0622|1.1085|0.9632|7,766,441
23 Nov 2020|1.0004|1.0375|1.0004|1.0375|0.9014|3,268,318
20 Nov 2020|1.0004|1.0035|0.9912|0.9943|0.8639|2,894,413
19 Nov 2020|0.9727|0.9974|0.9665|0.9974|0.8666|3,963,197
18 Nov 2020|0.9881|0.9943|0.9634|0.9665|0.8397|3,104,187
17 Nov 2020|0.9757|0.9912|0.9727|0.9850|0.8558|5,778,772
16 Nov 2020|0.9603|0.9603|0.9510|0.9572|0.8317|566,972
13 Nov 2020|0.9294|0.9449|0.9140|0.9356|0.8129|2,929,062
12 Nov 2020|0.9572|0.9603|0.9294|0.9356|0.8129|3,404,970
11 Nov 2020|0.9449|0.9727|0.9294|0.9665|0.8397|6,009,418
10 Nov 2020|0.9325|0.9572|0.9171|0.9233|0.8022|10,650,661
09 Nov 2020|0.8553|0.8769|0.8553|0.8708|0.7566|2,128,603
06 Nov 2020|0.8430|0.8615|0.8306|0.8553|0.7432|2,598,972
05 Nov 2020|0.8399|0.8461|0.8275|0.8337|0.7244|1,077,997
04 Nov 2020|0.8306|0.8491|0.8275|0.8337|0.7244|2,059,565
03 Nov 2020|0.8152|0.8306|0.8090|0.8275|0.7190|1,068,578
02 Nov 2020|0.8121|0.8244|0.8090|0.8090|0.7029|1,231,783
30 Oct 2020|0.8214|0.8244|0.8090|0.8183|0.7110|1,858,214
29 Oct 2020|0.8337|0.8337|0.8090|0.8121|0.7056|3,266,538
28 Oct 2020|0.8615|0.8646|0.8430|0.8461|0.7351|2,287,752
27 Oct 2020|0.8677|0.8708|0.8584|0.8584|0.7458|2,959,840
26 Oct 2020|0.8862|0.8955|0.8769|0.8769|0.7619|1,166,949
23 Oct 2020|0.8708|0.8862|0.8708|0.8862|0.7700|1,977,868
22 Oct 2020|0.8677|0.8769|0.8646|0.8677|0.7539|1,243,004
21 Oct 2020|0.8708|0.8893|0.8677|0.8677|0.7539|2,441,460
20 Oct 2020|0.8708|0.8738|0.8646|0.8677|0.7539|736,139
19 Oct 2020|0.8646|0.8769|0.8615|0.8738|0.7593|1,598,336
16 Oct 2020|0.8708|0.8708|0.8522|0.8584|0.7458|1,236,317
15 Oct 2020|0.8615|0.8769|0.8615|0.8646|0.7512|1,871,738
14 Oct 2020|0.8769|0.8800|0.8522|0.8615|0.7485|2,920,865
13 Oct 2020|0.8831|0.8831|0.8738|0.8738|0.7593|2,049,262
12 Oct 2020|0.8769|0.8769|0.8677|0.8738|0.7593|1,705,249
09 Oct 2020|0.8646|0.8831|0.8615|0.8769|0.7619|3,175,428
08 Oct 2020|0.8831|0.8893|0.8584|0.8615|0.7485|4,221,805
07 Oct 2020|0.8831|0.8893|0.8615|0.8862|0.7700|5,564,170
06 Oct 2020|0.8831|0.9016|0.8769|0.8893|0.7727|7,764,140
05 Oct 2020|0.8430|0.8708|0.8368|0.8584|0.7458|6,541,790
02 Oct 2020|0.7967|0.8615|0.7936|0.8090|0.7029|13,971,902
01 Oct 2020|0.7781|0.7997|0.7781|0.7967|0.6922|2,819,643
30 Sept 2020|0.7812|0.7843|0.7720|0.7750|0.6734|2,178,401
29 Sept 2020|0.7967|0.8214|0.7874|0.7905|0.6868|6,931,418
28 Sept 2020|0.7596|0.8059|0.7596|0.8028|0.6975|7,260,855
25 Sept 2020|0.7534|0.7565|0.7472|0.7472|0.6493|1,524,162
24 Sept 2020|0.7565|0.7596|0.7472|0.7503|0.6519|1,048,939
23 Sept 2020|0.7534|0.7689|0.7503|0.7658|0.6654|1,585,826
22 Sept 2020|0.7442|0.7503|0.7411|0.7472|0.6493|2,275,709
21 Sept 2020|0.7689|0.7689|0.7442|0.7442|0.6466|2,421,200
18 Sept 2020|0.7781|0.7812|0.7627|0.7658|0.6654|1,742,627
17 Sept 2020|0.7750|0.7843|0.7689|0.7689|0.6680|1,343,929
16 Sept 2020|0.7720|0.7812|0.7689|0.7750|0.6734|2,297,145
15 Sept 2020|0.7781|0.7781|0.7658|0.7689|0.6680|1,676,538
14 Sept 2020|0.7596|0.7627|0.7565|0.7565|0.6573|1,288,661
11 Sept 2020|0.7534|0.7534|0.7472|0.7503|0.6519|1,228,705
10 Sept 2020|0.7658|0.7658|0.7503|0.7565|0.6573|1,849,795
09 Sept 2020|0.7627|0.7627|0.7534|0.7565|0.6573|1,890,905
08 Sept 2020|0.7658|0.7689|0.7565|0.7627|0.6627|3,373,516
07 Sept 2020|0.7658|0.7689|0.7596|0.7596|0.6600|2,109,034
04 Sept 2020|0.7658|0.7689|0.7596|0.7658|0.6654|2,951,057
03 Sept 2020|0.7720|0.7812|0.7689|0.7720|0.6707|2,196,344
02 Sept 2020|0.7812|0.7843|0.7639|0.7658|0.6654|1,919,262
01 Sept 2020|0.7905|0.7905|0.7627|0.7658|0.6654|4,903,963
31 Aug 2020|0.7843|0.8059|0.7843|0.7905|0.6868|3,757,340
28 Aug 2020|0.8028|0.8152|0.7781|0.7905|0.6868|4,573,932
27 Aug 2020|0.7936|0.8152|0.7905|0.8059|0.7002|4,286,616
26 Aug 2020|0.7967|0.8028|0.7750|0.7874|0.6841|2,034,867
25 Aug 2020|0.7936|0.8090|0.7874|0.7967|0.6922|4,413,872
24 Aug 2020|0.7781|0.7874|0.7720|0.7781|0.6761|2,332,303
21 Aug 2020|0.7503|0.7750|0.7472|0.7720|0.6707|2,851,870
20 Aug 2020|0.7534|0.7596|0.7472|0.7472|0.6493|1,516,733
19 Aug 2020|0.7503|0.7596|0.7503|0.7596|0.6600|1,716,909
18 Aug 2020|0.7534|0.7565|0.7442|0.7472|0.6493|1,565,289
17 Aug 2020|0.7565|0.7565|0.7442|0.7534|0.6546|3,118,796
14 Aug 2020|0.7411|0.7503|0.7349|0.7503|0.6519|4,841,439
13 Aug 2020|0.7534|0.7596|0.7411|0.7534|0.6546|3,706,333
12 Aug 2020|0.7411|0.7627|0.7411|0.7596|0.6600|7,832,287
11 Aug 2020|0.7658|0.7967|0.7627|0.7967|0.6922|5,173,235
10 Aug 2020|0.7627|0.7658|0.7534|0.7627|0.6627|1,122,067
07 Aug 2020|0.7596|0.7627|0.7534|0.7596|0.6600|759,591
06 Aug 2020|0.7565|0.7627|0.7534|0.7596|0.6600|1,135,713
05 Aug 2020|0.7627|0.7627|0.7534|0.7565|0.6573|770,699
04 Aug 2020|0.7596|0.7689|0.7596|0.7627|0.6627|1,200,928
03 Aug 2020|0.7627|0.7658|0.7503|0.7534|0.6546|1,216,988
31 July 2020|0.7627|0.7689|0.7565|0.7627|0.6627|1,252,555
30 July 2020|0.7658|0.7658|0.7565|0.7596|0.6600|1,250,400
29 July 2020|0.7596|0.7720|0.7534|0.7596|0.6600|1,477,880
28 July 2020|0.7565|0.7627|0.7503|0.7534|0.6546|1,700,817
27 July 2020|0.7658|0.7658|0.7534|0.7596|0.6600|2,265,035
24 July 2020|0.7689|0.7720|0.7596|0.7658|0.6654|1,040,137
23 July 2020|0.7627|0.7750|0.7596|0.7720|0.6707|1,574,389
22 July 2020|0.7720|0.7720|0.7565|0.7627|0.6627|1,667,293
21 July 2020|0.7596|0.7750|0.7534|0.7720|0.6707|2,725,001
20 July 2020|0.7596|0.7596|0.7472|0.7472|0.6493|1,320,090
17 July 2020|0.7720|0.7750|0.7503|0.7503|0.6519|1,836,300
16 July 2020|0.7967|0.7967|0.7720|0.7720|0.6707|2,894,275
15 July 2020|0.7596|0.7781|0.7503|0.7781|0.6761|2,254,311
14 July 2020|0.7781|0.7781|0.7442|0.7565|0.6573|2,429,383
13 July 2020|0.7843|0.7967|0.7627|0.7689|0.6680|3,010,701
10 July 2020|0.7967|0.7967|0.7720|0.7750|0.6734|3,281,536
09 July 2020|0.7967|0.8090|0.7936|0.7967|0.6922|1,811,418
08 July 2020|0.7967|0.8152|0.7874|0.7967|0.6922|2,398,376
07 July 2020|0.8522|0.8553|0.7997|0.8028|0.6975|3,197,054
06 July 2020|0.8337|0.8522|0.8214|0.8399|0.7297|1,976,974
03 July 2020|0.8646|0.8862|0.8121|0.8275|0.7190|6,396,535
02 July 2020|0.8059|0.8522|0.8028|0.8491|0.7378|4,970,372
01 July 2020|0.7905|0.8059|0.7812|0.7936|0.6895|4,700,222
30 June 2020|0.7503|0.7781|0.7503|0.7627|0.6627|5,942,583
29 June 2020|0.7411|0.7442|0.7195|0.7225|0.6278|4,778,445
26 June 2020|0.7596|0.7720|0.7472|0.7503|0.6519|5,577,684
25 June 2020|0.7720|0.7781|0.7411|0.7411|0.6439|10,518,722
24 June 2020|0.8275|0.8306|0.8028|0.8090|0.7029|6,507,697
23 June 2020|0.8553|0.8677|0.8337|0.8399|0.7297|4,978,742
22 June 2020|0.8646|0.8677|0.8491|0.8491|0.7378|4,187,889
19 June 2020|0.8893|0.8955|0.8708|0.8769|0.7619|4,944,341
18 June 2020|0.9109|0.9140|0.8800|0.8955|0.7780|6,428,046
17 June 2020|0.9634|0.9634|0.9263|0.9387|0.8156|5,174,189
16 June 2020|0.9449|0.9634|0.9263|0.9603|0.8344|6,231,724
15 June 2020|0.9943|1.0004|0.8831|0.8893|0.7727|12,450,690
12 June 2020|0.8893|0.9572|0.8461|0.9387|0.8156|18,856,795
11 June 2020|1.0529|1.0560|0.9572|0.9696|0.8424|18,412,612
10 June 2020|1.0499|1.1054|1.0221|1.0715|0.9310|21,607,679
09 June 2020|1.0807|1.1610|1.0622|1.1517|1.0007|19,597,195
05 June 2020|0.9140|0.9603|0.9109|0.9541|0.8290|12,924,866
04 June 2020|0.8615|0.8831|0.8584|0.8769|0.7619|9,290,014
03 June 2020|0.8214|0.8337|0.8183|0.8275|0.7190|6,169,145
02 June 2020|0.8275|0.8275|0.8059|0.8152|0.7083|8,692,680
01 June 2020|0.8152|0.8584|0.7936|0.8368|0.7271|7,113,405
29 May 2020|0.8183|0.8275|0.7967|0.7967|0.6922|6,473,370
28 May 2020|0.8090|0.8522|0.8028|0.8090|0.7029|12,572,192
27 May 2020|0.7720|0.8028|0.7689|0.7905|0.6868|8,968,556
26 May 2020|0.7411|0.7689|0.7225|0.7658|0.6654|10,617,934
25 May 2020|0.7225|0.7565|0.7195|0.7503|0.6519|5,059,748
22 May 2020|0.7225|0.7287|0.7133|0.7225|0.6278|2,011,920
21 May 2020|0.7287|0.7318|0.7164|0.7225|0.6278|2,046,299
20 May 2020|0.7133|0.7472|0.7071|0.7349|0.6385|4,008,605
19 May 2020|0.7256|0.7256|0.7071|0.7133|0.6197|3,710,848
18 May 2020|0.7102|0.7164|0.7040|0.7133|0.6197|1,519,500
15 May 2020|0.7225|0.7225|0.7009|0.7071|0.6144|1,872,096
14 May 2020|0.7071|0.7318|0.7009|0.7164|0.6224|3,846,502
13 May 2020|0.7195|0.7195|0.7040|0.7102|0.6171|3,464,854
12 May 2020|0.7442|0.7472|0.7133|0.7318|0.6358|4,026,677
11 May 2020|0.7287|0.7472|0.7256|0.7411|0.6439|4,624,959
08 May 2020|0.7225|0.7318|0.7102|0.7164|0.6224|2,895,582
07 May 2020|0.7287|0.7287|0.7102|0.7195|0.6251|3,258,978
06 May 2020|0.7442|0.7472|0.7256|0.7287|0.6332|1,867,210
05 May 2020|0.7503|0.7720|0.7349|0.7380|0.6412|3,108,283
04 May 2020|0.7225|0.7442|0.7102|0.7380|0.6412|3,531,720
01 May 2020|0.7781|0.7781|0.7349|0.7349|0.6385|4,821,543
30 Apr 2020|0.7843|0.7967|0.7750|0.7812|0.6788|5,060,062
29 Apr 2020|0.7411|0.7689|0.7411|0.7689|0.6680|2,826,833
28 Apr 2020|0.7411|0.7442|0.7225|0.7380|0.6412|4,137,512
27 Apr 2020|0.7380|0.7658|0.7287|0.7534|0.6546|3,226,183
24 Apr 2020|0.7164|0.7380|0.6948|0.7349|0.6385|6,198,984
23 Apr 2020|0.7503|0.7658|0.7442|0.7534|0.6546|2,111,989
22 Apr 2020|0.7658|0.7720|0.7380|0.7411|0.6439|4,775,175
21 Apr 2020|0.8306|0.8306|0.7843|0.8059|0.7002|5,770,111
20 Apr 2020|0.8059|0.8491|0.7874|0.8214|0.7136|7,373,210
17 Apr 2020|0.8584|0.9418|0.7472|0.8028|0.6975|16,787,515
16 Apr 2020|0.7472|0.7967|0.7411|0.7905|0.6868|6,907,044
15 Apr 2020|0.6978|0.7411|0.6762|0.7040|0.6117|8,773,236
14 Apr 2020|0.5990|0.6176|0.5929|0.6114|0.5312|9,364,063
09 Apr 2020|0.5064|0.5589|0.5033|0.5589|0.4856|5,461,027
08 Apr 2020|0.5095|0.5188|0.4971|0.5064|0.4400|4,040,062
07 Apr 2020|0.5188|0.5249|0.5095|0.5126|0.4454|3,819,344
06 Apr 2020|0.5126|0.5188|0.5002|0.5064|0.4400|4,464,195
03 Apr 2020|0.5342|0.5373|0.5157|0.5188|0.4507|3,271,458
02 Apr 2020|0.5311|0.5435|0.5126|0.5342|0.4641|3,196,267
01 Apr 2020|0.5249|0.5496|0.5218|0.5311|0.4615|3,395,747
31 Mar 2020|0.5496|0.5496|0.5126|0.5188|0.4507|5,932,087
30 Mar 2020|0.5620|0.5651|0.5404|0.5496|0.4776|2,322,275
27 Mar 2020|0.5682|0.5836|0.5404|0.5558|0.4829|3,442,100
26 Mar 2020|0.5496|0.5558|0.5373|0.5496|0.4776|3,961,414
25 Mar 2020|0.5435|0.5620|0.5311|0.5465|0.4749|3,741,766
24 Mar 2020|0.5188|0.5404|0.4940|0.5126|0.4454|1,284,730
23 Mar 2020|0.5682|0.5712|0.4940|0.5188|0.4507|2,421,622
20 Mar 2020|0.5404|0.6917|0.4971|0.6176|0.5366|3,672,812
19 Mar 2020|0.9696|0.9696|0.9696|0.9696|0.8424|-
18 Mar 2020|0.9696|0.9696|0.9696|0.9696|0.8424|-
17 Mar 2020|0.9696|0.9696|0.9696|0.9696|0.8424|-
16 Mar 2020|0.9696|0.9696|0.9696|0.9696|0.8424|-
13 Mar 2020|0.9881|0.9912|0.9356|0.9696|0.8424|1,870,676
12 Mar 2020|1.0746|1.0776|1.0313|1.0684|0.9283|1,015,577
11 Mar 2020|1.2351|1.2660|1.1548|1.1548|1.0034|1,294,112
10 Mar 2020|1.1363|1.1734|1.1116|1.1672|1.0141|1,769,102
09 Mar 2020|1.1919|1.2042|1.1610|1.1610|1.0088|623,446
06 Mar 2020|1.2722|1.2783|1.2073|1.2289|1.0678|827,047
05 Mar 2020|1.2783|1.3031|1.2783|1.2969|1.1268|1,040,370
04 Mar 2020|1.2289|1.2722|1.2228|1.2722|1.1053|991,134
03 Mar 2020|1.3278|1.3463|1.2783|1.2783|1.1107|1,158,391
02 Mar 2020|1.2660|1.3154|1.2228|1.2475|1.0839|3,053,531
28 Feb 2020|1.3772|1.3772|1.3401|1.3525|1.1751|432,807
27 Feb 2020|1.4636|1.4883|1.3895|1.4080|1.2234|395,974
26 Feb 2020|1.4266|1.4574|1.4142|1.4327|1.2449|1,497,685
25 Feb 2020|1.4883|1.5007|1.4698|1.5007|1.3039|330,875
24 Feb 2020|1.5748|1.5748|1.5254|1.5316|1.3307|449,042
21 Feb 2020|1.6304|1.6304|1.6057|1.6180|1.4058|87,123
20 Feb 2020|1.6180|1.6427|1.6118|1.6242|1.4112|130,241
19 Feb 2020|1.6304|1.6427|1.6057|1.6180|1.4058|263,473
18 Feb 2020|1.6612|1.6612|1.6427|1.6489|1.4327|150,373
17 Feb 2020|1.6365|1.6736|1.6304|1.6551|1.4380|177,292
14 Feb 2020|1.6736|1.6736|1.6365|1.6365|1.4219|205,662
13 Feb 2020|1.6736|1.6921|1.6643|1.6921|1.4702|51,868
12 Feb 2020|1.6736|1.6798|1.6643|1.6674|1.4488|152,882
11 Feb 2020|1.6551|1.6736|1.6520|1.6674|1.4488|53,473
10 Feb 2020|1.6612|1.6674|1.6427|1.6674|1.4488|121,643
07 Feb 2020|1.6798|1.6859|1.6551|1.6612|1.4434|286,598
06 Feb 2020|1.6674|1.6859|1.6612|1.6612|1.4434|156,533
05 Feb 2020|1.6365|1.6551|1.6304|1.6551|1.4380|246,285
04 Feb 2020|1.6489|1.6551|1.6057|1.6180|1.4058|166,006
03 Feb 2020|1.6242|1.6427|1.6242|1.6365|1.4219|289,973
31 Jan 2020|1.6612|1.6921|1.6489|1.6736|1.4541|211,001
30 Jan 2020|1.7292|1.7292|1.6489|1.6489|1.4327|470,012
29 Jan 2020|1.7323|1.7323|1.6859|1.6983|1.4756|246,702
28 Jan 2020|1.7168|1.7292|1.6859|1.7230|1.4970|560,027
24 Jan 2020|1.7909|1.7909|1.7786|1.7786|1.5453|350,155
23 Jan 2020|1.7724|1.7909|1.7508|1.7909|1.5561|316,888
22 Jan 2020|1.7847|1.7847|1.7600|1.7724|1.5400|240,182
21 Jan 2020|1.7909|1.8095|1.7909|1.8095|1.5722|54,658
20 Jan 2020|1.8095|1.8156|1.7847|1.7909|1.5561|143,734
17 Jan 2020|1.8095|1.8156|1.8033|1.8156|1.5775|24,384
16 Jan 2020|1.8095|1.8095|1.7909|1.8033|1.5668|54,234
15 Jan 2020|1.7971|1.8033|1.7909|1.7909|1.5561|69,844
14 Jan 2020|1.7847|1.8033|1.7847|1.8033|1.5668|124,596
13 Jan 2020|1.7847|1.7847|1.7786|1.7847|1.5507|39,311
10 Jan 2020|1.7724|1.7909|1.7724|1.7909|1.5561|73,404
09 Jan 2020|1.7662|1.7971|1.7600|1.7909|1.5561|219,376
08 Jan 2020|1.7662|1.7662|1.7353|1.7600|1.5292|231,753
07 Jan 2020|1.7600|1.7662|1.7353|1.7662|1.5346|120,684
06 Jan 2020|1.7786|1.7786|1.7477|1.7539|1.5239|57,992
03 Jan 2020|1.7539|1.8033|1.7477|1.7786|1.5453|38,211
02 Jan 2020|1.7600|1.7662|1.7477|1.7477|1.5185|37,450
31 Dec 2019|1.7724|1.7724|1.7600|1.7662|1.5346|36,509
*Close price adjusted for splits.**Close price adjusted for splits and dividend and/or capital gain distributions.
