Date|Open|High|Low|Close*|Adj. close**|Volume
20 Sept 2024|6.80|6.83|6.68|6.69|6.69|1,376,585
19 Sept 2024|6.80|6.87|6.77|6.82|6.82|1,358,547
18 Sept 2024|6.79|6.83|6.74|6.78|6.78|782,884
18 Sept 2024|0.065Dividend
17 Sept 2024|6.79|6.92|6.61|6.88|6.82|2,181,567
16 Sept 2024|6.95|6.95|6.95|6.95|6.88|-
13 Sept 2024|6.90|6.95|6.82|6.95|6.88|688,487
12 Sept 2024|6.90|6.90|6.79|6.89|6.82|626,219
11 Sept 2024|6.98|6.98|6.81|6.82|6.76|532,975
10 Sept 2024|6.93|6.95|6.88|6.93|6.86|339,781
09 Sept 2024|6.90|7.01|6.90|6.90|6.83|453,194
06 Sept 2024|6.87|6.96|6.87|6.94|6.87|294,106
05 Sept 2024|6.91|6.95|6.86|6.90|6.83|341,408
04 Sept 2024|6.84|6.93|6.81|6.92|6.85|407,357
03 Sept 2024|6.90|6.94|6.82|6.83|6.77|505,255
02 Sept 2024|6.90|6.96|6.88|6.93|6.86|342,780
30 Aug 2024|6.89|6.99|6.80|6.95|6.88|1,364,695
29 Aug 2024|6.88|6.92|6.84|6.86|6.80|361,718
28 Aug 2024|6.96|6.97|6.88|6.89|6.82|355,348
27 Aug 2024|7.00|7.00|6.91|6.96|6.89|525,715
26 Aug 2024|6.99|7.01|6.95|6.98|6.91|291,810
23 Aug 2024|6.91|7.04|6.87|6.96|6.89|847,038
22 Aug 2024|6.93|6.98|6.85|6.90|6.83|577,993
21 Aug 2024|6.85|6.90|6.85|6.86|6.80|237,473
20 Aug 2024|6.87|6.96|6.86|6.90|6.83|490,324
19 Aug 2024|6.85|6.92|6.81|6.88|6.82|221,623
16 Aug 2024|6.97|6.98|6.86|6.88|6.82|487,667
15 Aug 2024|6.88|6.95|6.85|6.95|6.88|395,342
14 Aug 2024|6.88|6.88|6.78|6.87|6.81|360,007
13 Aug 2024|6.75|6.83|6.74|6.82|6.76|367,214
12 Aug 2024|6.82|6.82|6.74|6.77|6.71|183,247
09 Aug 2024|6.82|6.82|6.74|6.80|6.74|353,956
08 Aug 2024|6.76|6.82|6.73|6.78|6.72|308,674
07 Aug 2024|6.70|6.84|6.70|6.75|6.69|468,163
06 Aug 2024|6.74|6.77|6.70|6.70|6.64|472,810
05 Aug 2024|6.83|6.83|6.72|6.73|6.67|816,796
02 Aug 2024|6.79|6.92|6.78|6.86|6.80|861,782
01 Aug 2024|6.83|6.89|6.80|6.85|6.79|554,338
31 July 2024|6.75|6.85|6.74|6.80|6.74|682,537
30 July 2024|6.78|6.80|6.71|6.74|6.68|550,976
29 July 2024|6.80|6.82|6.76|6.81|6.75|443,765
26 July 2024|6.82|6.84|6.76|6.76|6.70|856,885
25 July 2024|6.88|6.95|6.81|6.81|6.75|552,390
24 July 2024|7.00|7.01|6.92|6.92|6.85|352,128
23 July 2024|7.01|7.05|6.99|7.02|6.95|380,077
22 July 2024|6.99|7.00|6.94|6.98|6.91|845,516
19 July 2024|6.85|7.09|6.85|7.01|6.94|907,109
18 July 2024|6.99|7.09|6.98|7.01|6.94|1,383,085
17 July 2024|7.07|7.11|6.99|7.05|6.98|661,683
16 July 2024|7.15|7.15|7.06|7.07|7.00|456,700
15 July 2024|7.17|7.19|7.10|7.16|7.09|444,610
12 July 2024|6.96|7.13|6.95|7.11|7.04|417,048
11 July 2024|6.97|6.99|6.92|6.96|6.89|306,548
10 July 2024|6.87|6.98|6.87|6.91|6.84|423,042
09 July 2024|6.97|6.97|6.85|6.90|6.83|411,071
08 July 2024|6.95|6.97|6.88|6.97|6.90|405,335
05 July 2024|6.95|6.98|6.92|6.96|6.89|248,960
04 July 2024|6.97|6.99|6.93|6.98|6.91|445,196
03 July 2024|7.01|7.03|6.90|6.93|6.86|732,264
02 July 2024|6.97|7.07|6.97|7.01|6.94|899,588
01 July 2024|7.04|7.10|6.97|6.98|6.91|398,306
28 June 2024|7.08|7.13|7.05|7.06|6.99|237,114
27 June 2024|7.07|7.09|6.97|7.04|6.97|627,652
26 June 2024|7.11|7.18|7.08|7.14|7.07|624,370
25 June 2024|7.02|7.16|7.00|7.13|7.06|615,142
24 June 2024|7.04|7.08|6.99|7.06|6.99|510,947
21 June 2024|7.01|7.11|6.96|7.09|7.02|862,134
20 June 2024|6.93|7.00|6.88|7.00|6.93|699,062
19 June 2024|6.96|6.96|6.84|6.93|6.86|579,737
18 June 2024|6.97|7.06|6.95|7.02|6.95|450,216
17 June 2024|6.93|6.97|6.88|6.92|6.85|593,501
14 June 2024|7.03|7.06|6.92|6.93|6.86|515,044
13 June 2024|6.98|7.09|6.97|7.07|7.00|433,950
12 June 2024|7.04|7.10|7.01|7.04|6.97|460,751
11 June 2024|7.12|7.14|6.93|6.95|6.88|799,520
07 June 2024|7.27|7.39|7.13|7.21|7.14|632,964
06 June 2024|7.25|7.37|7.17|7.20|7.13|598,267
05 June 2024|7.05|7.32|7.05|7.26|7.19|657,945
04 June 2024|7.09|7.18|7.02|7.03|6.96|435,733
03 June 2024|7.18|7.18|7.10|7.13|7.06|243,191
31 May 2024|6.99|7.19|6.98|7.16|7.09|734,994
30 May 2024|6.93|6.97|6.91|6.93|6.86|676,803
29 May 2024|6.90|7.03|6.90|6.94|6.87|419,479
28 May 2024|7.12|7.15|6.99|7.00|6.93|518,038
27 May 2024|7.13|7.14|7.07|7.12|7.05|250,582
24 May 2024|7.08|7.16|7.01|7.10|7.03|581,542
23 May 2024|7.00|7.16|6.95|7.16|7.09|525,993
22 May 2024|6.84|7.00|6.83|6.98|6.91|717,768
21 May 2024|6.85|6.87|6.77|6.78|6.72|850,768
20 May 2024|6.95|6.95|6.81|6.83|6.77|406,519
17 May 2024|6.85|7.00|6.85|6.93|6.86|318,977
16 May 2024|6.98|7.00|6.90|6.90|6.83|644,203
15 May 2024|7.04|7.06|6.91|6.91|6.84|285,576
14 May 2024|7.07|7.09|7.02|7.03|6.96|338,052
13 May 2024|7.04|7.06|6.97|7.05|6.98|521,165
10 May 2024|7.17|7.18|7.06|7.06|6.99|313,525
09 May 2024|7.13|7.20|7.11|7.19|7.12|268,729
08 May 2024|7.18|7.18|7.10|7.14|7.07|274,399
07 May 2024|7.16|7.19|7.10|7.16|7.09|611,559
06 May 2024|7.09|7.18|7.09|7.13|7.06|359,643
03 May 2024|7.05|7.14|7.05|7.14|7.07|146,215
02 May 2024|7.07|7.09|7.01|7.06|6.99|352,490
01 May 2024|7.06|7.10|7.03|7.08|7.01|307,502
30 Apr 2024|7.07|7.16|7.06|7.16|7.09|272,018
29 Apr 2024|7.07|7.13|7.05|7.11|7.04|320,812
26 Apr 2024|7.20|7.20|7.02|7.02|6.95|290,825
24 Apr 2024|7.12|7.21|7.10|7.21|7.14|570,497
23 Apr 2024|7.25|7.25|7.09|7.11|7.04|385,529
22 Apr 2024|7.26|7.33|7.22|7.31|7.24|353,419
19 Apr 2024|7.28|7.32|7.18|7.19|7.12|515,836
18 Apr 2024|7.30|7.36|7.28|7.31|7.24|261,747
17 Apr 2024|7.34|7.47|7.32|7.34|7.27|505,000
16 Apr 2024|7.32|7.36|7.30|7.34|7.27|359,862
15 Apr 2024|7.30|7.42|7.28|7.40|7.33|380,630
12 Apr 2024|7.39|7.40|7.32|7.32|7.25|354,346
11 Apr 2024|7.43|7.48|7.39|7.39|7.32|281,372
10 Apr 2024|7.52|7.58|7.50|7.55|7.48|195,278
09 Apr 2024|7.48|7.56|7.44|7.52|7.45|339,414
08 Apr 2024|7.59|7.59|7.42|7.47|7.40|426,262
05 Apr 2024|7.55|7.62|7.53|7.57|7.50|244,369
04 Apr 2024|7.63|7.67|7.62|7.64|7.57|206,571
03 Apr 2024|7.61|7.66|7.56|7.59|7.52|489,575
02 Apr 2024|7.67|7.67|7.61|7.65|7.58|334,523
28 Mar 2024|7.63|7.77|7.58|7.67|7.60|473,356
27 Mar 2024|7.52|7.64|7.48|7.63|7.56|708,196
26 Mar 2024|7.50|7.59|7.48|7.52|7.45|422,186
25 Mar 2024|7.46|7.64|7.46|7.55|7.48|495,232
22 Mar 2024|7.58|7.63|7.47|7.49|7.42|482,569
21 Mar 2024|7.64|7.68|7.60|7.63|7.56|667,471
20 Mar 2024|7.57|7.67|7.57|7.63|7.56|535,164
19 Mar 2024|7.62|7.62|7.54|7.59|7.52|267,456
19 Mar 2024|0.06205Dividend
18 Mar 2024|7.63|7.63|7.56|7.63|7.50|277,248
15 Mar 2024|7.69|7.70|7.55|7.65|7.52|589,009
14 Mar 2024|7.65|7.65|7.58|7.65|7.52|483,277
13 Mar 2024|7.72|7.74|7.57|7.63|7.50|665,899
12 Mar 2024|7.71|7.72|7.64|7.72|7.58|415,009
11 Mar 2024|7.57|7.65|7.56|7.65|7.52|466,964
08 Mar 2024|7.63|7.64|7.55|7.61|7.48|369,508
07 Mar 2024|7.55|7.63|7.53|7.61|7.48|382,965
06 Mar 2024|7.62|7.62|7.50|7.55|7.42|851,769
05 Mar 2024|7.63|7.63|7.53|7.55|7.42|1,818,694
04 Mar 2024|7.62|7.68|7.55|7.63|7.50|1,095,786
01 Mar 2024|7.62|7.64|7.54|7.62|7.49|614,297
29 Feb 2024|7.64|7.67|7.55|7.56|7.43|1,433,485
28 Feb 2024|7.63|7.68|7.57|7.62|7.49|584,991
27 Feb 2024|7.74|7.74|7.59|7.63|7.50|545,111
26 Feb 2024|7.68|7.70|7.59|7.67|7.54|436,560
23 Feb 2024|7.66|7.70|7.59|7.64|7.51|746,614
22 Feb 2024|7.66|7.73|7.62|7.66|7.53|386,467
21 Feb 2024|7.57|7.60|7.51|7.57|7.44|751,532
20 Feb 2024|7.64|7.66|7.55|7.56|7.43|1,655,853
19 Feb 2024|7.74|7.74|7.60|7.65|7.52|347,748
16 Feb 2024|7.66|7.68|7.60|7.63|7.50|445,604
15 Feb 2024|7.62|7.68|7.60|7.65|7.52|798,231
14 Feb 2024|7.63|7.66|7.55|7.62|7.49|624,260
13 Feb 2024|7.75|7.76|7.58|7.64|7.51|641,537
12 Feb 2024|7.92|7.94|7.75|7.75|7.61|497,427
09 Feb 2024|7.94|7.95|7.88|7.90|7.76|372,780
08 Feb 2024|7.99|7.99|7.89|7.91|7.77|383,556
07 Feb 2024|7.95|8.04|7.93|7.97|7.83|688,272
06 Feb 2024|7.98|8.00|7.88|7.94|7.80|234,549
05 Feb 2024|7.95|7.99|7.88|7.96|7.82|412,985
02 Feb 2024|7.98|8.02|7.92|7.97|7.83|525,524
01 Feb 2024|7.86|7.98|7.82|7.91|7.77|535,631
31 Jan 2024|7.85|7.89|7.82|7.85|7.71|764,072
30 Jan 2024|7.93|7.96|7.81|7.86|7.72|641,840
29 Jan 2024|7.91|7.97|7.88|7.94|7.80|525,299
25 Jan 2024|7.98|7.98|7.89|7.94|7.80|415,845
24 Jan 2024|7.97|7.98|7.89|7.95|7.81|247,564
23 Jan 2024|7.95|7.95|7.87|7.93|7.79|448,724
22 Jan 2024|7.96|8.01|7.91|8.00|7.86|318,221
19 Jan 2024|7.98|8.00|7.92|7.95|7.81|318,091
18 Jan 2024|7.95|8.01|7.88|7.91|7.77|478,350
17 Jan 2024|8.00|8.14|7.93|8.01|7.87|778,319
16 Jan 2024|7.98|8.01|7.93|7.96|7.82|358,724
15 Jan 2024|8.05|8.08|7.99|8.02|7.88|39,060
12 Jan 2024|8.09|8.18|8.06|8.07|7.93|368,385
11 Jan 2024|7.97|8.14|7.95|8.12|7.98|502,185
10 Jan 2024|8.00|8.04|7.93|7.94|7.80|223,843
09 Jan 2024|7.90|8.02|7.85|8.01|7.87|392,099
08 Jan 2024|7.77|7.83|7.76|7.82|7.68|216,548
05 Jan 2024|7.83|7.85|7.77|7.83|7.69|231,780
04 Jan 2024|8.05|8.05|7.77|7.83|7.69|373,534
03 Jan 2024|8.03|8.09|7.88|7.89|7.75|538,251
02 Jan 2024|8.00|8.19|7.99|8.15|8.01|134,369
29 Dec 2023|8.15|8.17|8.09|8.13|7.99|203,360
28 Dec 2023|7.97|8.19|7.97|8.17|8.03|438,746
27 Dec 2023|7.86|7.98|7.85|7.95|7.81|398,173
22 Dec 2023|7.95|7.95|7.84|7.86|7.72|201,591
21 Dec 2023|7.95|7.96|7.82|7.92|7.78|715,125
20 Dec 2023|8.02|8.02|7.84|7.92|7.78|2,198,207
19 Dec 2023|7.86|7.99|7.81|7.94|7.80|506,001
18 Dec 2023|7.78|7.86|7.74|7.84|7.70|329,999
15 Dec 2023|7.97|7.97|7.77|7.77|7.63|3,301,947
14 Dec 2023|8.00|8.05|7.81|7.89|7.75|1,344,510
13 Dec 2023|7.85|8.06|7.82|7.95|7.81|788,397
12 Dec 2023|7.70|7.77|7.66|7.75|7.61|433,080
11 Dec 2023|7.68|7.73|7.63|7.69|7.56|487,368
08 Dec 2023|7.63|7.76|7.63|7.68|7.55|386,903
07 Dec 2023|7.58|7.69|7.49|7.65|7.52|609,090
06 Dec 2023|7.54|7.65|7.54|7.63|7.50|455,368
05 Dec 2023|7.49|7.57|7.47|7.52|7.39|358,953
04 Dec 2023|7.53|7.56|7.45|7.52|7.39|355,811
01 Dec 2023|7.42|7.53|7.38|7.51|7.38|633,285
30 Nov 2023|7.34|7.52|7.34|7.43|7.30|1,150,637
29 Nov 2023|7.39|7.54|7.33|7.36|7.23|665,480
28 Nov 2023|7.33|7.41|7.26|7.36|7.23|487,306
27 Nov 2023|7.33|7.49|7.30|7.34|7.21|460,089
24 Nov 2023|7.36|7.37|7.32|7.36|7.23|353,395
23 Nov 2023|7.30|7.39|7.23|7.39|7.26|634,053
22 Nov 2023|7.29|7.33|7.20|7.32|7.19|691,587
21 Nov 2023|7.20|7.29|7.16|7.29|7.16|353,456
20 Nov 2023|7.15|7.30|7.12|7.21|7.08|572,717
17 Nov 2023|7.17|7.19|7.11|7.13|7.01|537,099
16 Nov 2023|7.30|7.30|7.17|7.17|7.04|487,327
15 Nov 2023|7.40|7.40|7.23|7.26|7.13|455,440
14 Nov 2023|7.19|7.27|7.17|7.25|7.12|245,404
13 Nov 2023|7.18|7.20|7.11|7.16|7.03|303,794
10 Nov 2023|7.15|7.21|7.14|7.19|7.06|254,006
09 Nov 2023|7.20|7.24|7.16|7.20|7.07|343,502
08 Nov 2023|7.18|7.26|7.11|7.17|7.04|536,194
07 Nov 2023|7.11|7.19|7.11|7.17|7.04|364,187
06 Nov 2023|7.14|7.26|7.10|7.19|7.06|401,514
03 Nov 2023|7.11|7.15|7.08|7.11|6.99|577,985
02 Nov 2023|6.83|7.03|6.83|7.01|6.89|510,101
01 Nov 2023|6.70|6.85|6.70|6.82|6.70|365,015
31 Oct 2023|6.75|6.79|6.73|6.74|6.62|639,762
30 Oct 2023|6.75|6.82|6.74|6.76|6.64|427,608
27 Oct 2023|6.87|6.87|6.78|6.80|6.68|306,660
26 Oct 2023|6.88|6.92|6.82|6.88|6.76|472,201
25 Oct 2023|6.90|6.96|6.74|6.86|6.74|816,880
24 Oct 2023|6.96|7.01|6.88|6.95|6.83|330,939
23 Oct 2023|7.01|7.08|6.93|6.99|6.87|192,002
20 Oct 2023|7.16|7.16|7.02|7.05|6.93|387,684
19 Oct 2023|7.28|7.28|7.18|7.21|7.08|321,575
18 Oct 2023|7.31|7.37|7.25|7.33|7.20|425,019
17 Oct 2023|7.40|7.40|7.22|7.35|7.22|323,139
16 Oct 2023|7.33|7.45|7.31|7.40|7.27|377,378
13 Oct 2023|7.33|7.40|7.31|7.36|7.23|232,583
12 Oct 2023|7.44|7.50|7.37|7.41|7.28|1,676,000
11 Oct 2023|7.35|7.41|7.33|7.39|7.26|510,737
10 Oct 2023|7.38|7.42|7.31|7.40|7.27|416,393
09 Oct 2023|7.35|7.39|7.26|7.35|7.22|312,032
06 Oct 2023|7.31|7.38|7.31|7.34|7.21|416,239
05 Oct 2023|7.34|7.35|7.27|7.31|7.18|424,289
04 Oct 2023|7.21|7.34|7.17|7.34|7.21|748,742
03 Oct 2023|7.20|7.26|7.17|7.23|7.10|378,372
02 Oct 2023|7.32|7.32|7.23|7.26|7.13|285,719
29 Sept 2023|7.22|7.35|7.17|7.32|7.19|841,343
28 Sept 2023|7.33|7.44|7.24|7.24|7.11|656,457
27 Sept 2023|7.13|7.29|7.09|7.25|7.12|569,834
26 Sept 2023|7.22|7.23|7.13|7.14|7.02|475,155
25 Sept 2023|7.26|7.26|7.12|7.20|7.07|485,303
25 Sept 2023|0.037228Dividend
22 Sept 2023|7.10|7.20|7.10|7.19|7.03|589,868
21 Sept 2023|7.25|7.32|7.20|7.23|7.07|816,037
20 Sept 2023|7.23|7.26|7.19|7.23|7.07|600,999
19 Sept 2023|7.20|7.25|7.19|7.21|7.05|521,466
18 Sept 2023|7.07|7.22|7.07|7.19|7.03|488,015
15 Sept 2023|7.25|7.25|7.09|7.09|6.93|1,161,708
14 Sept 2023|7.28|7.29|7.18|7.20|7.04|457,265
13 Sept 2023|7.35|7.39|7.26|7.28|7.12|610,193
12 Sept 2023|7.35|7.40|7.32|7.37|7.20|425,833
11 Sept 2023|7.30|7.42|7.26|7.35|7.18|637,381
08 Sept 2023|7.39|7.43|7.29|7.33|7.16|623,022
07 Sept 2023|7.46|7.48|7.32|7.33|7.16|1,012,452
06 Sept 2023|7.46|7.51|7.44|7.46|7.29|998,255
05 Sept 2023|7.40|7.48|7.39|7.46|7.29|455,144
04 Sept 2023|7.39|7.42|7.36|7.36|7.19|552,448
01 Sept 2023|7.43|7.47|7.38|7.39|7.22|1,364,608
31 Aug 2023|7.21|7.28|7.17|7.17|7.01|1,030,956
30 Aug 2023|7.26|7.27|7.20|7.23|7.07|990,905
29 Aug 2023|7.33|7.34|7.23|7.23|7.07|553,733
28 Aug 2023|7.29|7.37|7.27|7.32|7.15|405,176
25 Aug 2023|7.34|7.38|7.24|7.25|7.09|850,087
24 Aug 2023|7.58|7.58|7.35|7.37|7.20|1,224,148
23 Aug 2023|7.53|7.58|7.46|7.52|7.35|601,766
22 Aug 2023|7.51|7.58|7.51|7.53|7.36|616,524
21 Aug 2023|7.60|7.63|7.49|7.49|7.32|372,427
18 Aug 2023|7.56|7.64|7.54|7.62|7.45|250,227
17 Aug 2023|7.58|7.64|7.52|7.58|7.41|581,656
16 Aug 2023|7.58|7.70|7.54|7.60|7.43|617,889
15 Aug 2023|7.63|7.66|7.57|7.60|7.43|411,717
14 Aug 2023|7.64|7.68|7.60|7.61|7.44|279,871
11 Aug 2023|7.67|7.74|7.67|7.69|7.52|220,004
10 Aug 2023|7.72|7.77|7.69|7.70|7.53|347,783
09 Aug 2023|7.70|7.75|7.69|7.73|7.56|260,900
08 Aug 2023|7.73|7.75|7.70|7.70|7.53|377,823
07 Aug 2023|7.69|7.73|7.65|7.71|7.54|308,767
04 Aug 2023|7.75|7.77|7.68|7.73|7.56|597,712
03 Aug 2023|7.71|7.79|7.71|7.74|7.57|508,761
02 Aug 2023|7.75|7.78|7.71|7.71|7.54|238,787
01 Aug 2023|7.74|7.76|7.66|7.76|7.58|403,154
31 July 2023|7.66|7.80|7.65|7.78|7.60|413,416
28 July 2023|7.61|7.68|7.60|7.68|7.51|228,557
27 July 2023|7.60|7.68|7.58|7.67|7.50|397,970
26 July 2023|7.54|7.59|7.53|7.59|7.42|193,579
25 July 2023|7.65|7.66|7.54|7.61|7.44|252,182
24 July 2023|7.59|7.66|7.59|7.64|7.47|366,342
21 July 2023|7.47|7.61|7.45|7.57|7.40|624,370
20 July 2023|7.61|7.64|7.50|7.51|7.34|808,668
19 July 2023|7.65|7.68|7.55|7.57|7.40|589,411
18 July 2023|7.72|7.73|7.60|7.63|7.46|230,140
17 July 2023|7.72|7.78|7.71|7.74|7.57|470,269
14 July 2023|7.80|7.80|7.70|7.72|7.55|399,210
13 July 2023|7.73|7.83|7.70|7.75|7.57|701,460
12 July 2023|7.65|7.71|7.64|7.68|7.51|510,359
11 July 2023|7.66|7.71|7.62|7.66|7.49|336,950
10 July 2023|7.74|7.76|7.63|7.64|7.47|460,040
07 July 2023|7.71|7.78|7.61|7.69|7.52|614,800
06 July 2023|7.82|7.88|7.78|7.78|7.60|520,633
05 July 2023|7.88|7.88|7.76|7.80|7.62|285,657
04 July 2023|7.88|7.94|7.86|7.90|7.72|325,542
03 July 2023|7.85|7.90|7.81|7.86|7.68|285,754
30 June 2023|7.77|7.88|7.75|7.85|7.67|450,430
29 June 2023|7.79|7.83|7.73|7.81|7.63|461,182
28 June 2023|7.63|7.80|7.63|7.78|7.60|475,790
27 June 2023|7.68|7.72|7.64|7.69|7.52|628,445
26 June 2023|7.70|7.77|7.68|7.71|7.54|739,237
23 June 2023|7.68|7.79|7.66|7.75|7.57|1,142,620
22 June 2023|7.71|7.76|7.64|7.72|7.55|909,181
21 June 2023|7.62|7.72|7.62|7.68|7.51|691,123
20 June 2023|7.64|7.67|7.60|7.67|7.50|642,014
19 June 2023|7.62|7.66|7.51|7.66|7.49|986,285
16 June 2023|7.60|7.78|7.53|7.66|7.49|964,361
15 June 2023|7.56|7.67|7.53|7.55|7.38|731,216
14 June 2023|7.69|7.69|7.52|7.53|7.36|1,581,855
13 June 2023|7.90|7.90|7.76|7.83|7.65|1,946,571
09 June 2023|7.81|7.97|7.73|7.91|7.73|741,867
08 June 2023|7.83|7.89|7.68|7.71|7.54|621,572
07 June 2023|7.96|7.96|7.78|7.80|7.62|741,282
06 June 2023|8.10|8.12|7.94|7.94|7.76|747,466
05 June 2023|8.10|8.12|8.02|8.06|7.88|475,928
02 June 2023|8.13|8.16|8.06|8.08|7.90|464,147
01 June 2023|8.11|8.20|8.09|8.09|7.91|391,365
31 May 2023|8.13|8.27|8.13|8.17|7.99|738,023
30 May 2023|8.14|8.18|8.08|8.11|7.93|316,673
29 May 2023|8.17|8.21|8.15|8.18|8.00|322,197
26 May 2023|8.11|8.18|8.10|8.16|7.98|289,378
25 May 2023|8.20|8.21|8.11|8.14|7.96|376,670
24 May 2023|8.30|8.32|8.20|8.25|8.06|583,031
23 May 2023|8.37|8.39|8.27|8.30|8.11|383,153
22 May 2023|8.39|8.41|8.32|8.37|8.18|415,409
19 May 2023|8.36|8.39|8.27|8.33|8.14|410,385
18 May 2023|8.28|8.40|8.27|8.31|8.12|733,468
17 May 2023|8.20|8.28|8.18|8.21|8.02|487,540
16 May 2023|8.18|8.24|8.17|8.22|8.03|216,364
15 May 2023|8.21|8.24|8.19|8.22|8.03|186,355
12 May 2023|8.27|8.29|8.21|8.25|8.06|225,583
11 May 2023|8.23|8.30|8.18|8.27|8.08|373,009
10 May 2023|8.17|8.29|8.16|8.26|8.07|482,123
09 May 2023|8.18|8.20|8.15|8.17|7.99|134,869
08 May 2023|8.21|8.21|8.07|8.15|7.97|646,168
05 May 2023|8.18|8.23|8.15|8.19|8.00|328,103
04 May 2023|8.03|8.21|8.03|8.18|8.00|356,098
03 May 2023|8.03|8.11|8.00|8.10|7.92|610,414
02 May 2023|8.13|8.16|8.03|8.03|7.85|411,590
01 May 2023|8.25|8.28|8.16|8.16|7.98|370,690
28 Apr 2023|8.21|8.22|8.10|8.21|8.02|642,210
27 Apr 2023|8.15|8.30|8.14|8.20|8.01|855,769
26 Apr 2023|8.03|8.15|7.99|8.12|7.94|695,504
24 Apr 2023|7.92|8.05|7.89|8.01|7.83|701,021
21 Apr 2023|7.88|7.98|7.85|7.93|7.75|371,061
20 Apr 2023|7.95|7.98|7.84|7.88|7.70|434,519
19 Apr 2023|7.95|7.95|7.88|7.93|7.75|463,792
18 Apr 2023|7.93|7.98|7.92|7.98|7.80|904,315
17 Apr 2023|8.01|8.05|7.94|8.00|7.82|282,243
14 Apr 2023|8.02|8.04|7.93|7.99|7.81|780,109
13 Apr 2023|8.01|8.05|7.96|7.99|7.81|683,932
12 Apr 2023|8.09|8.10|8.02|8.08|7.90|688,021
11 Apr 2023|8.14|8.19|8.03|8.05|7.87|570,603
06 Apr 2023|8.23|8.25|8.11|8.14|7.96|413,878
05 Apr 2023|8.20|8.22|8.13|8.18|8.00|587,447
04 Apr 2023|8.15|8.19|8.12|8.17|7.99|355,915
03 Apr 2023|8.16|8.23|8.12|8.18|8.00|349,314
31 Mar 2023|8.20|8.30|8.16|8.16|7.98|870,806
30 Mar 2023|8.22|8.25|8.18|8.21|8.02|481,258
29 Mar 2023|8.20|8.26|8.18|8.21|8.02|830,392
28 Mar 2023|8.32|8.32|8.22|8.23|8.04|506,920
27 Mar 2023|8.31|8.50|8.24|8.29|8.10|553,024
24 Mar 2023|8.33|8.38|8.27|8.30|8.11|374,673
23 Mar 2023|8.21|8.38|8.16|8.37|8.18|850,519
22 Mar 2023|8.27|8.30|8.12|8.25|8.06|1,285,128
21 Mar 2023|8.15|8.21|8.10|8.21|8.02|433,022
20 Mar 2023|8.16|8.22|8.11|8.16|7.98|566,591
17 Mar 2023|8.25|8.29|8.12|8.27|8.08|767,648
16 Mar 2023|7.98|8.23|7.96|8.23|8.04|1,579,389
15 Mar 2023|8.03|8.08|7.93|8.01|7.83|592,824
14 Mar 2023|7.88|8.05|7.88|8.04|7.86|1,287,359
13 Mar 2023|7.92|7.97|7.86|7.93|7.75|593,819
10 Mar 2023|7.85|7.99|7.81|7.94|7.76|445,600
09 Mar 2023|8.02|8.02|7.91|7.99|7.81|535,861
08 Mar 2023|7.97|8.03|7.97|7.99|7.81|879,364
07 Mar 2023|7.90|8.04|7.89|7.98|7.80|345,398
06 Mar 2023|8.02|8.02|7.87|7.91|7.73|459,862
03 Mar 2023|7.95|8.03|7.95|7.99|7.81|412,477
02 Mar 2023|8.05|8.07|7.89|7.95|7.77|728,474
01 Mar 2023|7.97|8.08|7.97|8.03|7.85|461,249
28 Feb 2023|7.95|8.06|7.91|8.03|7.85|825,340
27 Feb 2023|7.88|7.98|7.87|7.95|7.77|325,359
24 Feb 2023|8.00|8.04|7.91|8.01|7.83|420,807
23 Feb 2023|7.89|8.10|7.89|8.04|7.86|755,126
22 Feb 2023|7.75|7.82|7.75|7.79|7.61|722,906
21 Feb 2023|7.75|7.80|7.74|7.76|7.58|505,444
20 Feb 2023|7.86|7.86|7.75|7.80|7.62|571,678
17 Feb 2023|7.71|7.88|7.69|7.84|7.66|471,680
16 Feb 2023|7.87|7.98|7.82|7.95|7.77|482,420
15 Feb 2023|7.71|7.86|7.67|7.85|7.67|622,736
14 Feb 2023|7.79|7.82|7.75|7.78|7.60|363,350
13 Feb 2023|7.75|7.77|7.70|7.75|7.57|370,653
10 Feb 2023|7.70|7.83|7.70|7.77|7.59|457,920
09 Feb 2023|7.85|7.90|7.77|7.81|7.63|418,919
08 Feb 2023|7.80|7.85|7.72|7.81|7.63|705,771
07 Feb 2023|7.75|7.86|7.72|7.75|7.57|452,890
06 Feb 2023|7.92|7.94|7.79|7.82|7.64|486,144
03 Feb 2023|7.94|7.95|7.81|7.89|7.71|1,062,416
02 Feb 2023|7.90|7.93|7.85|7.90|7.72|366,982
01 Feb 2023|7.85|7.86|7.76|7.82|7.64|593,467
31 Jan 2023|7.74|7.82|7.71|7.75|7.57|703,875
30 Jan 2023|7.73|7.74|7.66|7.73|7.56|239,146
27 Jan 2023|7.69|7.77|7.67|7.73|7.56|410,502
25 Jan 2023|7.78|7.78|7.59|7.67|7.50|1,096,859
24 Jan 2023|7.85|7.89|7.72|7.72|7.55|463,528
23 Jan 2023|7.83|7.90|7.81|7.86|7.68|509,799
20 Jan 2023|7.73|7.82|7.70|7.79|7.61|364,670
19 Jan 2023|7.65|7.78|7.62|7.75|7.57|487,168
18 Jan 2023|7.62|7.67|7.56|7.63|7.46|501,400
17 Jan 2023|7.65|7.65|7.58|7.60|7.43|492,372
16 Jan 2023|7.47|7.68|7.46|7.65|7.48|742,627
13 Jan 2023|7.50|7.55|7.46|7.55|7.38|993,228
12 Jan 2023|7.51|7.51|7.45|7.48|7.31|408,404
11 Jan 2023|7.48|7.52|7.42|7.50|7.33|439,484
10 Jan 2023|7.40|7.47|7.40|7.45|7.28|234,628
09 Jan 2023|7.45|7.49|7.38|7.42|7.25|198,453
06 Jan 2023|7.40|7.47|7.40|7.42|7.25|306,885
05 Jan 2023|7.40|7.44|7.35|7.42|7.25|434,909
04 Jan 2023|7.37|7.42|7.31|7.39|7.22|496,292
03 Jan 2023|7.40|7.44|7.25|7.32|7.15|391,864
30 Dec 2022|7.54|7.54|7.33|7.39|7.22|1,004,396
29 Dec 2022|7.50|7.55|7.49|7.51|7.34|788,667
28 Dec 2022|7.59|7.59|7.45|7.48|7.31|352,588
23 Dec 2022|7.47|7.60|7.47|7.56|7.39|487,110
22 Dec 2022|7.50|7.66|7.50|7.59|7.42|659,395
21 Dec 2022|7.70|7.70|7.52|7.55|7.38|547,933
20 Dec 2022|7.64|7.68|7.49|7.51|7.34|541,177
19 Dec 2022|7.66|7.70|7.60|7.64|7.47|305,479
16 Dec 2022|7.52|7.71|7.52|7.60|7.43|1,501,072
15 Dec 2022|7.70|7.72|7.59|7.59|7.42|743,398
14 Dec 2022|7.70|7.74|7.61|7.63|7.46|1,039,696
13 Dec 2022|7.61|7.72|7.59|7.70|7.53|595,012
12 Dec 2022|7.62|7.62|7.55|7.60|7.43|441,069
09 Dec 2022|7.55|7.61|7.53|7.61|7.44|389,604
08 Dec 2022|7.57|7.60|7.52|7.58|7.41|747,197
07 Dec 2022|7.50|7.60|7.50|7.55|7.38|431,155
06 Dec 2022|7.50|7.61|7.48|7.55|7.38|530,293
05 Dec 2022|7.52|7.58|7.45|7.51|7.34|368,413
02 Dec 2022|7.48|7.54|7.43|7.52|7.35|523,548
01 Dec 2022|7.45|7.58|7.45|7.56|7.39|529,930
30 Nov 2022|7.23|7.49|7.23|7.45|7.28|895,568
29 Nov 2022|7.45|7.45|7.24|7.31|7.14|792,407
28 Nov 2022|7.26|7.40|7.26|7.37|7.20|494,360
25 Nov 2022|7.32|7.39|7.29|7.37|7.20|622,133
24 Nov 2022|7.27|7.38|7.25|7.33|7.16|493,342
23 Nov 2022|7.35|7.40|7.27|7.33|7.16|737,307
22 Nov 2022|7.42|7.42|7.32|7.35|7.18|934,406
21 Nov 2022|7.30|7.51|7.26|7.45|7.28|910,729
18 Nov 2022|7.15|7.30|7.13|7.28|7.12|474,448
17 Nov 2022|7.19|7.19|7.08|7.14|6.98|490,775
16 Nov 2022|7.06|7.11|7.06|7.10|6.94|340,562
15 Nov 2022|7.10|7.14|7.03|7.14|6.98|920,478
14 Nov 2022|7.08|7.10|7.01|7.10|6.94|511,809
11 Nov 2022|7.00|7.10|6.96|7.10|6.94|2,004,443
10 Nov 2022|6.86|6.95|6.81|6.92|6.76|505,556
09 Nov 2022|6.89|6.92|6.83|6.86|6.71|736,668
08 Nov 2022|6.95|7.02|6.83|6.89|6.73|1,275,538
07 Nov 2022|6.93|7.02|6.91|7.01|6.85|842,016
04 Nov 2022|6.83|6.97|6.80|6.93|6.77|735,993
03 Nov 2022|6.91|6.94|6.85|6.89|6.73|684,850
02 Nov 2022|6.91|7.00|6.90|6.98|6.82|866,862
01 Nov 2022|6.95|6.98|6.87|6.95|6.79|822,594
31 Oct 2022|6.85|6.97|6.85|6.96|6.80|977,299
28 Oct 2022|6.63|6.85|6.63|6.82|6.67|849,391
27 Oct 2022|6.68|6.71|6.63|6.70|6.55|561,935
26 Oct 2022|6.71|6.71|6.61|6.69|6.54|481,972
25 Oct 2022|6.67|6.70|6.62|6.63|6.48|1,004,275
24 Oct 2022|6.74|6.76|6.65|6.67|6.52|346,961
21 Oct 2022|6.63|6.66|6.58|6.62|6.47|459,980
20 Oct 2022|6.67|6.74|6.58|6.63|6.48|983,847
19 Oct 2022|6.47|6.53|6.47|6.50|6.35|519,072
18 Oct 2022|6.43|6.46|6.39|6.45|6.30|671,081
17 Oct 2022|6.40|6.41|6.32|6.36|6.22|522,772
14 Oct 2022|6.47|6.50|6.41|6.41|6.27|720,541
13 Oct 2022|6.33|6.42|6.33|6.42|6.27|819,236
12 Oct 2022|6.33|6.39|6.33|6.34|6.20|611,668
11 Oct 2022|6.30|6.39|6.30|6.34|6.20|443,127
10 Oct 2022|6.28|6.36|6.28|6.33|6.19|523,928
07 Oct 2022|6.41|6.41|6.34|6.36|6.22|379,254
06 Oct 2022|6.42|6.46|6.40|6.44|6.29|626,705
05 Oct 2022|6.45|6.51|6.43|6.44|6.29|769,064
04 Oct 2022|6.33|6.48|6.33|6.42|6.27|737,693
03 Oct 2022|6.41|6.41|6.24|6.24|6.10|528,243
30 Sept 2022|6.48|6.49|6.31|6.31|6.17|1,039,024
29 Sept 2022|6.51|6.59|6.48|6.53|6.38|700,566
28 Sept 2022|6.48|6.56|6.39|6.45|6.30|874,147
27 Sept 2022|6.66|6.67|6.50|6.50|6.35|846,183
26 Sept 2022|6.58|6.67|6.58|6.63|6.48|814,370
23 Sept 2022|6.67|6.72|6.62|6.68|6.53|903,535
21 Sept 2022|6.74|6.79|6.67|6.68|6.53|579,436
20 Sept 2022|6.82|6.84|6.78|6.81|6.66|540,757
19 Sept 2022|6.80|6.86|6.79|6.79|6.64|404,733
16 Sept 2022|6.83|6.88|6.78|6.78|6.63|1,450,292
15 Sept 2022|6.82|6.88|6.81|6.83|6.68|736,537
14 Sept 2022|6.77|6.80|6.71|6.79|6.64|732,794
13 Sept 2022|6.93|6.94|6.87|6.88|6.72|734,801
12 Sept 2022|6.93|6.95|6.87|6.90|6.74|432,668
09 Sept 2022|6.83|6.90|6.83|6.88|6.72|467,867
08 Sept 2022|6.75|6.87|6.74|6.87|6.71|581,775
07 Sept 2022|6.82|6.83|6.71|6.71|6.56|615,898
06 Sept 2022|6.81|6.85|6.78|6.82|6.67|377,575
05 Sept 2022|6.84|6.86|6.79|6.84|6.69|620,466
02 Sept 2022|6.80|6.88|6.75|6.83|6.68|520,058
01 Sept 2022|6.83|6.86|6.73|6.81|6.66|908,999
31 Aug 2022|6.84|6.85|6.71|6.77|6.62|890,303
30 Aug 2022|6.76|6.85|6.75|6.83|6.68|629,056
29 Aug 2022|6.83|6.83|6.72|6.78|6.63|914,008
26 Aug 2022|6.75|6.95|6.73|6.93|6.77|1,443,263
25 Aug 2022|6.75|6.75|6.68|6.72|6.57|576,380
24 Aug 2022|6.74|6.76|6.68|6.72|6.57|330,952
23 Aug 2022|6.82|6.82|6.68|6.70|6.55|759,779
22 Aug 2022|6.83|6.96|6.78|6.90|6.74|807,068
19 Aug 2022|6.87|6.92|6.76|6.88|6.72|1,010,958
18 Aug 2022|6.90|6.97|6.73|6.90|6.74|917,749
17 Aug 2022|6.95|7.05|6.94|6.97|6.81|692,844
16 Aug 2022|7.07|7.09|6.87|6.95|6.79|1,179,022
15 Aug 2022|6.94|7.09|6.94|7.09|6.93|607,589
12 Aug 2022|6.97|6.97|6.90|6.91|6.75|171,150
11 Aug 2022|6.97|6.99|6.92|6.94|6.78|261,355
10 Aug 2022|6.97|6.99|6.86|6.92|6.76|421,234
09 Aug 2022|6.89|6.96|6.87|6.94|6.78|298,807
08 Aug 2022|6.91|6.95|6.84|6.87|6.71|307,367
05 Aug 2022|6.94|7.02|6.85|7.01|6.85|567,864
04 Aug 2022|6.89|7.01|6.87|6.97|6.81|461,647
03 Aug 2022|6.79|6.89|6.74|6.87|6.71|535,293
02 Aug 2022|6.68|6.82|6.68|6.79|6.64|615,149
01 Aug 2022|6.67|6.74|6.65|6.71|6.56|471,451
29 July 2022|6.59|6.72|6.57|6.67|6.52|577,216
28 July 2022|6.52|6.61|6.50|6.57|6.42|543,497
27 July 2022|6.47|6.55|6.44|6.49|6.34|380,000
26 July 2022|6.50|6.50|6.36|6.43|6.28|884,377
25 July 2022|6.60|6.60|6.46|6.47|6.32|935,338
22 July 2022|6.68|6.68|6.56|6.56|6.41|757,930
21 July 2022|6.71|6.72|6.65|6.65|6.50|464,110
20 July 2022|6.67|6.78|6.65|6.75|6.60|819,762
19 July 2022|6.60|6.63|6.58|6.61|6.46|259,036
18 July 2022|6.68|6.68|6.62|6.66|6.51|596,252
15 July 2022|6.60|6.71|6.58|6.67|6.52|503,455
14 July 2022|6.61|6.67|6.58|6.67|6.52|565,281
13 July 2022|6.61|6.61|6.51|6.54|6.39|704,350
12 July 2022|6.60|6.63|6.54|6.58|6.43|480,300
11 July 2022|6.63|6.66|6.56|6.57|6.42|714,359
08 July 2022|6.69|6.69|6.62|6.63|6.48|393,785
07 July 2022|6.77|6.77|6.65|6.66|6.51|539,489
06 July 2022|6.68|6.84|6.68|6.79|6.64|693,448
05 July 2022|6.75|6.76|6.61|6.72|6.57|772,854
04 July 2022|6.66|6.69|6.60|6.67|6.52|454,321
01 July 2022|6.58|6.68|6.55|6.58|6.43|960,711
30 June 2022|6.56|6.61|6.48|6.48|6.33|1,712,492
29 June 2022|6.69|6.73|6.61|6.61|6.46|22,280,446
28 June 2022|6.65|6.76|6.65|6.70|6.55|841,916
27 June 2022|6.66|6.72|6.57|6.61|6.46|772,934
24 June 2022|6.85|6.85|6.63|6.66|6.51|305,479
23 June 2022|6.65|6.80|6.61|6.69|6.54|1,038,877
22 June 2022|6.61|6.69|6.57|6.60|6.45|526,689
21 June 2022|6.57|6.64|6.53|6.61|6.46|573,220
20 June 2022|6.57|6.59|6.48|6.55|6.40|610,376
17 June 2022|6.39|6.46|6.30|6.45|6.30|2,306,033
16 June 2022|6.63|6.64|6.42|6.42|6.27|1,271,791
15 June 2022|6.60|6.69|6.57|6.59|6.44|1,000,175
14 June 2022|6.62|6.66|6.46|6.58|6.43|1,375,253
10 June 2022|6.90|6.96|6.88|6.89|6.73|506,950
09 June 2022|6.99|7.03|6.92|6.96|6.80|768,837
08 June 2022|6.90|7.05|6.86|7.04|6.88|954,273
07 June 2022|6.92|6.92|6.80|6.83|6.68|771,014
06 June 2022|6.90|6.93|6.84|6.86|6.71|329,255
03 June 2022|6.91|7.00|6.89|6.95|6.79|385,485
02 June 2022|6.82|6.93|6.82|6.88|6.72|487,217
01 June 2022|6.77|6.95|6.77|6.90|6.74|685,558
31 May 2022|6.70|6.78|6.65|6.72|6.57|792,896
30 May 2022|6.70|6.73|6.64|6.73|6.58|358,893
27 May 2022|6.73|6.73|6.62|6.66|6.51|421,632
26 May 2022|6.69|6.74|6.61|6.64|6.49|390,227
25 May 2022|6.68|6.73|6.63|6.72|6.57|400,266
24 May 2022|6.72|6.73|6.66|6.67|6.52|238,747
23 May 2022|6.73|6.78|6.66|6.73|6.58|363,860
20 May 2022|6.67|6.71|6.65|6.71|6.56|693,236
19 May 2022|6.54|6.68|6.49|6.63|6.48|659,417
18 May 2022|6.65|6.69|6.59|6.62|6.47|593,491
17 May 2022|6.69|6.69|6.60|6.63|6.48|337,236
16 May 2022|6.70|6.76|6.67|6.67|6.52|386,461
13 May 2022|6.50|6.66|6.47|6.62|6.47|661,425
12 May 2022|6.55|6.58|6.43|6.45|6.30|1,269,950
11 May 2022|6.62|6.65|6.50|6.58|6.43|1,019,700
10 May 2022|6.62|6.73|6.59|6.63|6.48|849,197
09 May 2022|6.89|6.89|6.66|6.69|6.54|923,366
06 May 2022|7.03|7.05|6.90|6.91|6.75|622,099
05 May 2022|7.08|7.14|7.04|7.11|6.95|370,384
04 May 2022|7.06|7.08|7.01|7.07|6.91|390,077
03 May 2022|7.11|7.13|6.94|7.00|6.84|957,391
02 May 2022|7.17|7.22|7.12|7.13|6.97|448,514
29 Apr 2022|7.18|7.25|7.16|7.20|7.04|856,222
28 Apr 2022|7.12|7.18|7.10|7.15|6.99|519,669
27 Apr 2022|7.01|7.11|7.00|7.09|6.93|547,757
26 Apr 2022|7.15|7.16|7.05|7.06|6.90|663,999
22 Apr 2022|7.20|7.25|7.15|7.18|7.02|623,087
21 Apr 2022|7.17|7.26|7.12|7.24|7.08|563,876
20 Apr 2022|7.03|7.20|7.02|7.17|7.01|734,023
19 Apr 2022|7.03|7.09|7.00|7.05|6.89|437,475
14 Apr 2022|6.98|7.08|6.98|7.03|6.87|732,415
13 Apr 2022|6.98|7.02|6.94|7.00|6.84|489,086
12 Apr 2022|6.98|7.01|6.91|6.92|6.76|773,385
11 Apr 2022|7.03|7.06|6.93|6.99|6.83|490,764
08 Apr 2022|7.17|7.17|7.02|7.03|6.87|382,093
07 Apr 2022|7.06|7.17|7.02|7.09|6.93|571,630
06 Apr 2022|7.07|7.12|7.01|7.06|6.90|465,581
05 Apr 2022|7.10|7.16|7.03|7.16|7.00|864,441
04 Apr 2022|7.15|7.16|7.07|7.07|6.91|402,585
01 Apr 2022|7.21|7.23|7.12|7.13|6.97|719,997
31 Mar 2022|7.15|7.27|7.08|7.23|7.07|1,017,514
30 Mar 2022|7.13|7.16|7.09|7.13|6.97|673,713
29 Mar 2022|7.18|7.18|7.02|7.06|6.90|1,034,226
28 Mar 2022|7.25|7.28|7.17|7.19|7.03|861,804
25 Mar 2022|7.20|7.34|7.20|7.31|7.14|514,245
24 Mar 2022|7.15|7.21|7.12|7.17|7.01|465,126
23 Mar 2022|7.21|7.25|7.13|7.18|7.02|491,142
22 Mar 2022|7.12|7.20|7.06|7.15|6.99|613,694
21 Mar 2022|7.24|7.25|7.08|7.09|6.93|740,744
18 Mar 2022|7.00|7.42|6.94|7.25|7.09|2,575,752
17 Mar 2022|6.94|7.03|6.89|7.00|6.84|1,387,570
16 Mar 2022|6.89|6.94|6.77|6.84|6.69|1,247,713
15 Mar 2022|6.75|6.92|6.74|6.84|6.69|854,523
14 Mar 2022|6.70|6.80|6.70|6.73|6.58|909,956
11 Mar 2022|6.71|6.73|6.62|6.67|6.52|1,167,116
10 Mar 2022|6.59|6.76|6.56|6.71|6.56|1,844,862
09 Mar 2022|6.49|6.55|6.45|6.48|6.33|506,263
08 Mar 2022|6.62|6.62|6.44|6.44|6.29|655,487
07 Mar 2022|6.70|6.70|6.60|6.63|6.48|667,196
04 Mar 2022|6.76|6.78|6.59|6.69|6.54|674,841
03 Mar 2022|6.86|6.86|6.76|6.77|6.62|1,097,731
02 Mar 2022|6.76|6.78|6.60|6.69|6.54|1,098,876
01 Mar 2022|6.75|6.90|6.75|6.81|6.66|1,145,262
28 Feb 2022|6.60|6.68|6.46|6.68|6.53|1,480,170
25 Feb 2022|6.60|6.65|6.53|6.60|6.45|1,049,005
24 Feb 2022|6.62|6.63|6.42|6.44|6.29|599,256
23 Feb 2022|6.65|6.67|6.55|6.64|6.49|712,422
22 Feb 2022|6.57|6.63|6.47|6.51|6.36|637,694
21 Feb 2022|6.60|6.64|6.57|6.59|6.44|501,588
18 Feb 2022|6.68|6.71|6.63|6.65|6.50|442,894
17 Feb 2022|6.64|6.73|6.63|6.68|6.53|812,594
16 Feb 2022|6.64|6.64|6.60|6.63|6.48|1,185,893
15 Feb 2022|6.65|6.66|6.58|6.58|6.43|832,131
14 Feb 2022|6.76|6.76|6.66|6.69|6.54|628,104
11 Feb 2022|6.82|6.84|6.74|6.78|6.63|756,925
10 Feb 2022|7.01|7.04|6.87|6.90|6.74|506,835
09 Feb 2022|6.92|7.03|6.88|7.00|6.84|1,513,969
08 Feb 2022|6.92|6.94|6.85|6.88|6.72|855,099
07 Feb 2022|6.92|7.05|6.92|6.92|6.76|465,301
04 Feb 2022|6.95|7.02|6.92|6.98|6.82|820,735
03 Feb 2022|7.04|7.10|6.97|7.01|6.85|388,219
02 Feb 2022|6.78|7.07|6.77|7.06|6.90|854,664
01 Feb 2022|6.67|6.75|6.62|6.70|6.55|547,654
31 Jan 2022|6.70|6.80|6.64|6.70|6.55|653,516
28 Jan 2022|6.78|6.81|6.61|6.65|6.50|1,635,745
27 Jan 2022|6.90|6.94|6.75|6.76|6.61|1,848,536
25 Jan 2022|6.77|6.94|6.69|6.83|6.68|1,748,719
24 Jan 2022|6.90|6.90|6.71|6.78|6.63|793,690
21 Jan 2022|6.92|6.95|6.89|6.95|6.79|693,466
20 Jan 2022|7.04|7.12|6.93|6.97|6.81|744,917
19 Jan 2022|7.15|7.18|7.03|7.05|6.89|509,641
18 Jan 2022|7.29|7.29|7.17|7.17|7.01|396,867
17 Jan 2022|7.30|7.33|7.22|7.26|7.10|338,240
14 Jan 2022|7.28|7.41|7.27|7.31|7.14|591,702
13 Jan 2022|7.26|7.34|7.26|7.29|7.13|511,544
12 Jan 2022|7.28|7.30|7.23|7.27|7.11|509,243
11 Jan 2022|7.17|7.30|7.17|7.23|7.07|408,325
10 Jan 2022|7.20|7.22|7.18|7.21|7.05|239,866
07 Jan 2022|7.21|7.25|7.18|7.20|7.04|245,802
06 Jan 2022|7.33|7.33|7.16|7.19|7.03|577,901
05 Jan 2022|7.33|7.46|7.32|7.36|7.19|436,174
04 Jan 2022|7.20|7.32|7.20|7.30|7.14|184,267
31 Dec 2021|7.27|7.27|7.20|7.20|7.04|192,513
30 Dec 2021|7.17|7.30|7.17|7.24|7.08|293,036
29 Dec 2021|7.22|7.29|7.21|7.26|7.10|452,273
24 Dec 2021|7.12|7.24|7.09|7.22|7.06|427,667
23 Dec 2021|7.25|7.26|7.14|7.16|7.00|510,149
22 Dec 2021|7.20|7.26|7.16|7.20|7.04|871,413
21 Dec 2021|7.07|7.23|7.07|7.21|7.05|742,341
20 Dec 2021|7.00|7.19|6.97|7.15|6.99|1,088,900
17 Dec 2021|7.12|7.19|7.03|7.05|6.89|1,096,591
16 Dec 2021|7.15|7.19|7.07|7.15|6.99|1,157,036
15 Dec 2021|7.28|7.28|7.16|7.20|7.04|505,971
14 Dec 2021|7.22|7.35|7.21|7.30|7.14|393,335
13 Dec 2021|7.31|7.33|7.19|7.21|7.05|962,797
10 Dec 2021|7.43|7.44|7.32|7.34|7.17|701,911
09 Dec 2021|7.42|7.68|7.40|7.47|7.30|1,039,060
08 Dec 2021|7.44|7.47|7.34|7.45|7.28|476,103
07 Dec 2021|7.50|7.60|7.39|7.45|7.28|521,424
06 Dec 2021|7.47|7.52|7.41|7.50|7.33|831,133
03 Dec 2021|7.51|7.55|7.48|7.54|7.37|471,942
02 Dec 2021|7.47|7.56|7.43|7.50|7.33|421,911
01 Dec 2021|7.46|7.59|7.45|7.49|7.32|741,431
30 Nov 2021|7.42|7.59|7.41|7.52|7.35|643,150
29 Nov 2021|7.35|7.48|7.33|7.44|7.27|748,204
26 Nov 2021|7.54|7.57|7.37|7.43|7.26|501,873
25 Nov 2021|7.60|7.63|7.55|7.58|7.41|655,881
24 Nov 2021|7.58|7.71|7.56|7.61|7.44|382,577
23 Nov 2021|7.56|7.64|7.55|7.61|7.44|986,824
22 Nov 2021|7.65|7.65|7.53|7.56|7.39|408,986
19 Nov 2021|7.89|7.89|7.64|7.71|7.54|401,923
18 Nov 2021|7.90|7.94|7.82|7.84|7.66|585,842
17 Nov 2021|7.95|7.98|7.88|7.93|7.75|437,058
16 Nov 2021|7.88|8.00|7.87|7.93|7.75|359,013
15 Nov 2021|7.90|7.94|7.84|7.89|7.71|343,828
12 Nov 2021|7.94|7.94|7.87|7.88|7.70|152,809
11 Nov 2021|7.93|7.96|7.89|7.90|7.72|367,112
10 Nov 2021|7.83|7.96|7.80|7.94|7.76|329,470
09 Nov 2021|7.92|7.93|7.83|7.88|7.70|676,144
08 Nov 2021|7.87|7.95|7.87|7.91|7.73|514,436
05 Nov 2021|7.70|7.83|7.68|7.81|7.63|593,847
04 Nov 2021|7.63|7.73|7.63|7.71|7.54|497,964
03 Nov 2021|7.58|7.65|7.52|7.64|7.47|361,784
02 Nov 2021|7.52|7.60|7.47|7.58|7.41|221,790
01 Nov 2021|7.51|7.57|7.47|7.51|7.34|495,571
29 Oct 2021|7.46|7.59|7.41|7.50|7.33|532,483
28 Oct 2021|7.59|7.59|7.44|7.49|7.32|389,571
27 Oct 2021|7.60|7.67|7.53|7.63|7.46|534,735
26 Oct 2021|7.65|7.68|7.60|7.63|7.46|284,249
25 Oct 2021|7.80|7.87|7.66|7.67|7.50|269,650
22 Oct 2021|7.52|7.75|7.52|7.72|7.55|636,814
21 Oct 2021|7.48|7.55|7.40|7.50|7.33|1,748,987
20 Oct 2021|7.43|7.52|7.39|7.42|7.25|736,062
19 Oct 2021|7.39|7.45|7.37|7.43|7.26|546,044
18 Oct 2021|7.37|7.47|7.37|7.42|7.25|431,152
15 Oct 2021|7.33|7.37|7.26|7.36|7.19|449,498
14 Oct 2021|7.32|7.37|7.27|7.33|7.16|523,737
13 Oct 2021|7.33|7.34|7.21|7.27|7.11|588,299
12 Oct 2021|7.30|7.36|7.28|7.35|7.18|578,715
11 Oct 2021|7.46|7.50|7.35|7.41|7.24|563,823
08 Oct 2021|7.61|7.61|7.49|7.54|7.37|595,512
07 Oct 2021|7.68|7.70|7.58|7.63|7.46|931,717
06 Oct 2021|7.74|7.78|7.62|7.64|7.47|740,779
05 Oct 2021|7.46|7.76|7.45|7.73|7.56|782,759
04 Oct 2021|7.50|7.58|7.48|7.56|7.39|342,900
01 Oct 2021|7.40|7.53|7.39|7.53|7.36|643,889
30 Sept 2021|7.40|7.54|7.39|7.53|7.36|775,929
29 Sept 2021|7.40|7.40|7.25|7.39|7.22|640,979
28 Sept 2021|7.46|7.53|7.44|7.48|7.31|280,989
27 Sept 2021|7.53|7.54|7.46|7.46|7.29|444,292
24 Sept 2021|7.53|7.60|7.47|7.50|7.33|499,725
23 Sept 2021|7.42|7.54|7.41|7.51|7.34|557,023
22 Sept 2021|7.29|7.45|7.29|7.41|7.24|621,454
21 Sept 2021|7.27|7.37|7.25|7.34|7.17|544,823
20 Sept 2021|7.17|7.38|7.17|7.33|7.16|735,908
17 Sept 2021|7.17|7.34|7.15|7.25|7.09|557,637
16 Sept 2021|7.18|7.19|7.14|7.16|7.00|420,009
15 Sept 2021|7.13|7.19|7.10|7.17|7.01|328,680
14 Sept 2021|7.19|7.19|7.12|7.16|7.00|540,389
13 Sept 2021|7.08|7.21|7.08|7.19|7.03|476,611
10 Sept 2021|7.02|7.08|7.00|7.07|6.91|408,547
09 Sept 2021|7.07|7.12|7.04|7.08|6.92|546,608
08 Sept 2021|6.98|7.13|6.98|7.10|6.94|472,238
07 Sept 2021|7.04|7.05|6.99|7.05|6.89|366,668
06 Sept 2021|7.00|7.06|6.97|7.04|6.88|290,654
03 Sept 2021|6.86|7.05|6.83|7.04|6.88|587,481
02 Sept 2021|6.88|6.91|6.83|6.88|6.72|441,358
01 Sept 2021|6.92|6.97|6.81|6.94|6.78|472,656
31 Aug 2021|6.84|6.97|6.82|6.90|6.74|539,744
30 Aug 2021|6.84|6.89|6.81|6.86|6.71|445,352
27 Aug 2021|6.84|6.90|6.77|6.81|6.66|497,618
26 Aug 2021|6.97|6.97|6.82|6.84|6.69|523,578
25 Aug 2021|6.99|7.02|6.91|6.98|6.82|387,367
24 Aug 2021|6.96|7.00|6.91|6.95|6.79|585,834
23 Aug 2021|6.85|6.98|6.81|6.96|6.80|720,226
20 Aug 2021|6.90|6.90|6.72|6.87|6.71|802,587
19 Aug 2021|6.70|6.75|6.69|6.69|6.54|381,017
18 Aug 2021|6.71|6.81|6.70|6.79|6.64|290,240
17 Aug 2021|6.91|6.93|6.70|6.77|6.62|391,508
16 Aug 2021|6.99|6.99|6.84|6.87|6.71|463,328
13 Aug 2021|6.90|6.98|6.90|6.98|6.82|254,731
12 Aug 2021|6.89|6.93|6.86|6.92|6.76|563,526
11 Aug 2021|6.93|6.95|6.78|6.80|6.65|436,169
10 Aug 2021|6.91|7.01|6.89|6.91|6.75|628,085
09 Aug 2021|6.85|6.93|6.81|6.90|6.74|663,348
06 Aug 2021|6.84|6.86|6.80|6.85|6.70|471,702
05 Aug 2021|6.85|6.88|6.82|6.82|6.67|270,378
04 Aug 2021|6.83|6.92|6.82|6.87|6.71|474,361
03 Aug 2021|6.80|6.89|6.80|6.83|6.68|230,759
02 Aug 2021|6.79|6.87|6.76|6.80|6.65|393,674
30 July 2021|6.80|6.86|6.75|6.80|6.65|274,155
29 July 2021|6.73|6.86|6.71|6.80|6.65|673,642
28 July 2021|6.76|6.78|6.69|6.73|6.58|396,922
27 July 2021|6.71|6.78|6.66|6.75|6.60|528,029
26 July 2021|6.84|6.84|6.65|6.67|6.52|738,306
23 July 2021|6.90|6.90|6.75|6.79|6.64|540,216
22 July 2021|6.89|6.92|6.88|6.92|6.76|356,765
21 July 2021|7.00|7.02|6.87|6.92|6.76|527,365
20 July 2021|6.98|7.06|6.94|6.98|6.82|505,522
19 July 2021|7.07|7.12|7.04|7.11|6.95|290,926
16 July 2021|7.00|7.22|7.00|7.19|7.03|580,946
15 July 2021|7.06|7.07|6.93|7.02|6.86|626,397
14 July 2021|7.01|7.13|6.99|7.09|6.93|519,412
13 July 2021|6.94|7.08|6.92|7.00|6.84|446,099
12 July 2021|7.02|7.02|6.90|6.95|6.79|422,807
09 July 2021|7.00|7.07|6.94|6.98|6.82|563,172
08 July 2021|7.00|7.15|6.97|7.10|6.94|476,898
07 July 2021|6.90|7.05|6.86|7.03|6.87|511,581
06 July 2021|7.08|7.08|6.89|6.92|6.76|1,358,223
05 July 2021|7.16|7.18|7.03|7.07|6.91|2,996,234
02 July 2021|6.68|6.74|6.67|6.70|6.55|1,105,925
01 July 2021|6.69|6.76|6.67|6.72|6.57|463,835
30 June 2021|6.79|6.79|6.74|6.76|6.61|421,242
29 June 2021|6.74|6.83|6.74|6.80|6.65|649,967
28 June 2021|6.82|6.83|6.75|6.77|6.62|326,238
25 June 2021|6.84|6.93|6.80|6.88|6.72|438,182
24 June 2021|6.77|6.84|6.70|6.83|6.68|543,284
23 June 2021|6.79|6.84|6.76|6.77|6.62|299,644
22 June 2021|6.96|6.96|6.76|6.81|6.66|622,995
21 June 2021|6.85|6.94|6.81|6.90|6.74|517,655
18 June 2021|6.90|7.01|6.90|6.98|6.82|1,912,439
17 June 2021|6.98|7.03|6.89|6.94|6.78|512,592
16 June 2021|6.96|7.03|6.95|7.01|6.85|415,353
15 June 2021|6.94|7.01|6.91|6.98|6.82|442,887
11 June 2021|7.12|7.12|6.96|6.98|6.82|448,759
10 June 2021|7.17|7.18|7.13|7.15|6.99|238,100
09 June 2021|7.14|7.21|7.12|7.20|7.04|413,589
08 June 2021|7.10|7.17|6.99|7.11|6.95|363,268
07 June 2021|7.18|7.18|7.08|7.13|6.97|133,995
04 June 2021|7.02|7.18|6.99|7.14|6.98|406,403
03 June 2021|7.10|7.14|7.06|7.12|6.96|229,762
02 June 2021|6.96|7.12|6.96|7.09|6.93|359,512
01 June 2021|6.78|6.98|6.78|6.91|6.75|354,162
31 May 2021|6.84|6.89|6.76|6.85|6.70|508,518
28 May 2021|6.75|6.93|6.72|6.82|6.67|1,515,157
27 May 2021|6.79|6.87|6.61|6.70|6.55|662,774
26 May 2021|6.69|6.72|6.58|6.68|6.53|857,056
25 May 2021|6.79|6.81|6.72|6.81|6.66|174,668
24 May 2021|6.86|6.87|6.69|6.77|6.62|339,524
21 May 2021|7.00|7.02|6.87|6.91|6.75|357,374
20 May 2021|6.87|6.99|6.87|6.96|6.80|364,518
19 May 2021|6.86|6.88|6.76|6.81|6.66|312,323
18 May 2021|6.92|6.98|6.85|6.94|6.78|237,346
17 May 2021|6.87|6.97|6.84|6.91|6.75|294,217
14 May 2021|6.97|6.97|6.82|6.85|6.70|349,321
13 May 2021|7.06|7.08|6.84|6.87|6.71|445,964
12 May 2021|7.08|7.20|7.08|7.16|7.00|675,873
11 May 2021|7.05|7.16|6.96|7.09|6.93|369,776
10 May 2021|6.98|7.08|6.97|7.03|6.87|243,992
07 May 2021|7.04|7.08|6.97|7.01|6.85|366,183
06 May 2021|7.16|7.16|7.01|7.05|6.89|334,710
05 May 2021|7.08|7.18|7.08|7.17|7.01|457,786
04 May 2021|7.06|7.19|7.06|7.14|6.98|406,962
03 May 2021|7.04|7.09|7.00|7.03|6.87|439,141
30 Apr 2021|7.04|7.13|6.98|7.11|6.95|449,169
29 Apr 2021|6.92|7.03|6.86|6.99|6.83|228,953
28 Apr 2021|6.88|6.91|6.82|6.84|6.69|297,636
27 Apr 2021|6.87|6.88|6.81|6.82|6.67|226,068
26 Apr 2021|6.93|6.97|6.86|6.87|6.71|117,911
23 Apr 2021|6.98|6.99|6.90|6.94|6.78|293,983
22 Apr 2021|7.05|7.07|6.93|7.04|6.88|413,403
21 Apr 2021|6.98|7.07|6.96|7.03|6.87|365,673
20 Apr 2021|7.03|7.13|6.87|7.05|6.89|593,109
19 Apr 2021|7.00|7.14|6.98|7.08|6.92|390,143
16 Apr 2021|6.86|6.94|6.80|6.92|6.76|947,524
15 Apr 2021|7.01|7.03|6.90|6.98|6.82|472,225
14 Apr 2021|7.03|7.13|7.02|7.09|6.93|479,617
13 Apr 2021|7.14|7.14|7.04|7.06|6.90|286,436
12 Apr 2021|7.09|7.14|7.07|7.14|6.98|302,291
09 Apr 2021|7.06|7.10|7.02|7.10|6.94|337,046
08 Apr 2021|7.15|7.17|7.05|7.10|6.94|853,621
07 Apr 2021|7.14|7.16|7.03|7.15|6.99|477,732
06 Apr 2021|7.16|7.22|7.08|7.15|6.99|619,798
01 Apr 2021|7.09|7.12|6.97|7.07|6.91|496,276
31 Mar 2021|7.00|7.22|6.94|7.09|6.93|824,240
30 Mar 2021|6.82|7.03|6.82|6.93|6.77|749,782
29 Mar 2021|6.75|6.80|6.71|6.74|6.59|275,243
26 Mar 2021|6.86|6.88|6.65|6.72|6.57|618,405
25 Mar 2021|6.88|6.94|6.87|6.94|6.78|571,341
24 Mar 2021|6.90|6.90|6.79|6.86|6.71|738,418
23 Mar 2021|6.97|7.05|6.92|6.96|6.80|509,784
22 Mar 2021|7.02|7.12|6.93|7.06|6.90|693,030
19 Mar 2021|7.14|7.21|6.95|7.03|6.87|1,936,763
18 Mar 2021|7.30|7.34|7.16|7.19|7.03|1,079,695
17 Mar 2021|7.22|7.27|6.99|7.21|7.05|828,103
16 Mar 2021|7.13|7.29|7.04|7.20|7.04|695,652
15 Mar 2021|6.99|7.17|6.96|7.14|6.98|459,290
12 Mar 2021|6.66|6.99|6.66|6.94|6.78|532,776
11 Mar 2021|6.65|6.77|6.57|6.67|6.52|912,264
10 Mar 2021|6.58|6.66|6.54|6.60|6.45|754,537
09 Mar 2021|6.57|6.57|6.50|6.52|6.37|497,652
08 Mar 2021|6.66|6.71|6.51|6.57|6.42|413,040
05 Mar 2021|6.60|6.67|6.58|6.65|6.50|381,856
04 Mar 2021|6.77|6.78|6.54|6.65|6.50|680,123
03 Mar 2021|6.95|6.95|6.80|6.81|6.66|360,699
02 Mar 2021|7.09|7.16|6.85|6.90|6.74|821,104
01 Mar 2021|6.92|7.18|6.85|7.16|7.00|603,538
26 Feb 2021|6.84|7.08|6.82|7.04|6.88|1,210,189
25 Feb 2021|6.82|6.95|6.79|6.91|6.75|704,027
24 Feb 2021|6.69|6.92|6.65|6.87|6.71|1,163,206
23 Feb 2021|6.45|6.65|6.40|6.60|6.45|905,678
22 Feb 2021|6.26|6.41|6.24|6.35|6.21|507,519
19 Feb 2021|6.34|6.39|6.23|6.27|6.13|608,431
18 Feb 2021|6.45|6.48|6.35|6.35|6.21|507,584
17 Feb 2021|6.41|6.50|6.41|6.48|6.33|522,174
16 Feb 2021|6.35|6.53|6.32|6.50|6.35|944,039
15 Feb 2021|6.28|6.41|6.26|6.34|6.20|785,420
12 Feb 2021|6.53|6.58|6.42|6.45|6.30|433,903
11 Feb 2021|6.63|6.65|6.56|6.58|6.43|298,790
10 Feb 2021|6.67|6.70|6.63|6.67|6.52|308,104
09 Feb 2021|6.71|6.73|6.64|6.65|6.50|1,533,072
08 Feb 2021|6.80|6.84|6.74|6.80|6.65|482,930
05 Feb 2021|6.85|6.85|6.74|6.80|6.65|419,656
04 Feb 2021|6.95|6.95|6.78|6.81|6.66|665,998
03 Feb 2021|6.95|7.11|6.95|7.04|6.88|956,526
02 Feb 2021|6.89|7.00|6.87|6.93|6.77|357,793
01 Feb 2021|6.77|6.97|6.76|6.89|6.73|465,072
29 Jan 2021|6.80|6.94|6.76|6.83|6.68|745,708
28 Jan 2021|6.66|6.73|6.61|6.68|6.53|712,768
27 Jan 2021|6.78|6.82|6.70|6.74|6.59|958,089
25 Jan 2021|6.84|6.92|6.75|6.86|6.71|477,170
22 Jan 2021|6.91|6.97|6.71|6.85|6.70|728,052
21 Jan 2021|6.86|6.97|6.85|6.90|6.74|1,145,772
20 Jan 2021|6.72|6.87|6.69|6.83|6.68|410,819
19 Jan 2021|6.78|6.81|6.64|6.74|6.59|446,739
18 Jan 2021|6.94|6.96|6.78|6.80|6.65|319,097
15 Jan 2021|7.15|7.18|6.99|7.00|6.84|410,877
14 Jan 2021|7.03|7.15|7.03|7.10|6.94|395,934
13 Jan 2021|7.14|7.18|6.99|7.05|6.89|334,690
12 Jan 2021|7.25|7.33|7.12|7.16|7.00|308,878
11 Jan 2021|7.35|7.41|7.24|7.35|7.18|453,475
08 Jan 2021|7.30|7.50|7.25|7.44|7.27|471,179
07 Jan 2021|7.23|7.38|7.21|7.29|7.13|987,712
06 Jan 2021|7.10|7.24|7.10|7.21|7.05|783,515
05 Jan 2021|7.07|7.20|6.99|7.16|7.00|720,728
04 Jan 2021|7.18|7.19|7.07|7.11|6.95|199,355
31 Dec 2020|7.20|7.21|7.12|7.17|7.01|194,871
30 Dec 2020|7.26|7.26|7.18|7.24|7.08|290,461
29 Dec 2020|7.25|7.26|7.20|7.24|7.08|193,896
24 Dec 2020|7.30|7.30|7.18|7.18|7.02|140,353
23 Dec 2020|7.18|7.22|7.09|7.18|7.02|599,966
22 Dec 2020|7.25|7.27|7.13|7.16|7.00|668,386
21 Dec 2020|7.28|7.30|7.11|7.24|7.08|864,269
18 Dec 2020|7.54|7.59|7.29|7.38|7.21|1,204,210
17 Dec 2020|7.47|7.64|7.44|7.58|7.41|824,160
16 Dec 2020|7.44|7.53|7.39|7.46|7.29|691,186
15 Dec 2020|7.56|7.60|7.44|7.46|7.29|538,801
14 Dec 2020|7.55|7.63|7.46|7.47|7.30|679,710
11 Dec 2020|7.76|7.77|7.49|7.59|7.42|1,477,927
10 Dec 2020|7.72|7.76|7.64|7.73|7.56|942,362
09 Dec 2020|7.58|7.75|7.57|7.74|7.57|546,368
08 Dec 2020|7.37|7.56|7.37|7.55|7.38|607,863
07 Dec 2020|7.35|7.57|7.32|7.45|7.28|833,038
04 Dec 2020|7.32|7.39|7.32|7.32|7.15|257,258
03 Dec 2020|7.37|7.38|7.32|7.34|7.17|459,301
02 Dec 2020|7.36|7.44|7.35|7.44|7.27|420,200
01 Dec 2020|7.30|7.41|7.28|7.40|7.23|605,755
30 Nov 2020|7.35|7.43|7.22|7.31|7.14|763,370
27 Nov 2020|7.38|7.42|7.29|7.35|7.18|479,582
26 Nov 2020|7.43|7.43|7.38|7.41|7.24|379,515
25 Nov 2020|7.37|7.43|7.34|7.41|7.24|572,266
24 Nov 2020|7.32|7.35|7.24|7.35|7.18|461,904
23 Nov 2020|7.30|7.32|7.27|7.29|7.13|334,672
20 Nov 2020|7.28|7.36|7.28|7.30|7.14|705,720
19 Nov 2020|7.29|7.36|7.25|7.31|7.14|561,558
18 Nov 2020|7.34|7.36|7.25|7.30|7.14|483,679
17 Nov 2020|7.38|7.39|7.29|7.35|7.18|633,144
16 Nov 2020|7.34|7.34|7.30|7.31|7.14|5,952
13 Nov 2020|7.13|7.33|7.11|7.26|7.10|670,694
12 Nov 2020|7.26|7.29|7.11|7.15|6.99|650,552
11 Nov 2020|7.14|7.26|7.04|7.25|7.09|1,083,459
10 Nov 2020|7.18|7.36|7.09|7.14|6.98|1,742,426
09 Nov 2020|6.70|6.81|6.66|6.76|6.61|722,587
06 Nov 2020|6.67|6.72|6.59|6.69|6.54|551,184
05 Nov 2020|6.67|6.71|6.59|6.70|6.55|897,576
04 Nov 2020|6.69|6.88|6.68|6.73|6.58|1,014,861
03 Nov 2020|6.53|6.74|6.53|6.69|6.54|583,552
02 Nov 2020|6.54|6.58|6.51|6.55|6.40|796,010
30 Oct 2020|6.61|6.61|6.49|6.54|6.39|737,019
29 Oct 2020|6.69|6.78|6.60|6.62|6.47|1,300,650
28 Oct 2020|6.78|6.84|6.69|6.78|6.63|811,080
27 Oct 2020|6.81|6.83|6.71|6.79|6.64|419,652
26 Oct 2020|6.85|6.96|6.84|6.84|6.69|426,123
23 Oct 2020|6.88|6.93|6.81|6.88|6.72|772,621
22 Oct 2020|6.77|6.94|6.73|6.87|6.71|1,218,021
21 Oct 2020|6.80|6.83|6.72|6.73|6.58|1,063,238
20 Oct 2020|6.75|6.94|6.74|6.82|6.67|1,268,267
19 Oct 2020|6.72|6.86|6.71|6.80|6.65|599,047
16 Oct 2020|6.83|6.85|6.69|6.73|6.58|1,666,340
15 Oct 2020|6.91|6.99|6.89|6.89|6.73|661,070
14 Oct 2020|6.83|6.91|6.78|6.88|6.72|582,008
13 Oct 2020|6.90|6.98|6.86|6.90|6.74|806,658
12 Oct 2020|6.99|7.00|6.86|6.88|6.72|530,112
09 Oct 2020|6.90|7.00|6.89|6.99|6.83|693,557
08 Oct 2020|6.96|7.01|6.92|6.97|6.81|897,373
07 Oct 2020|6.78|6.97|6.77|6.95|6.79|542,921
06 Oct 2020|6.78|6.89|6.72|6.78|6.63|1,332,449
05 Oct 2020|6.86|6.88|6.74|6.78|6.63|560,312
02 Oct 2020|6.78|6.94|6.77|6.77|6.62|1,346,149
01 Oct 2020|6.74|6.79|6.71|6.77|6.62|910,943
30 Sept 2020|6.67|6.75|6.65|6.71|6.56|976,459
29 Sept 2020|6.70|6.78|6.68|6.74|6.59|7,934,454
28 Sept 2020|6.50|6.78|6.49|6.68|6.53|1,139,754
25 Sept 2020|6.48|6.55|6.45|6.52|6.37|704,696
24 Sept 2020|6.50|6.58|6.46|6.48|6.33|1,086,079
23 Sept 2020|6.43|6.66|6.41|6.63|6.48|1,184,105
22 Sept 2020|6.44|6.45|6.37|6.43|6.28|2,375,981
21 Sept 2020|6.45|6.50|6.43|6.49|6.34|1,017,251
18 Sept 2020|6.50|6.58|6.41|6.49|6.34|7,096,715
17 Sept 2020|6.55|6.63|6.47|6.47|6.32|1,156,740
16 Sept 2020|6.58|6.59|6.45|6.56|6.41|1,258,045
15 Sept 2020|6.50|6.57|6.45|6.53|6.38|954,287
14 Sept 2020|6.49|6.57|6.41|6.51|6.36|589,965
11 Sept 2020|6.41|6.50|6.38|6.48|6.33|1,060,786
10 Sept 2020|6.46|6.56|6.46|6.52|6.37|969,808
09 Sept 2020|6.36|6.47|6.36|6.44|6.29|597,180
08 Sept 2020|6.55|6.57|6.39|6.49|6.34|574,119
07 Sept 2020|6.50|6.53|6.41|6.51|6.36|1,032,619
04 Sept 2020|6.41|6.64|6.41|6.61|6.46|1,721,822
03 Sept 2020|6.26|6.49|6.25|6.44|6.29|1,163,251
02 Sept 2020|6.10|6.22|6.08|6.19|6.05|616,138
01 Sept 2020|6.08|6.12|5.97|6.10|5.96|544,309
31 Aug 2020|6.10|6.14|6.06|6.09|5.95|324,242
28 Aug 2020|6.08|6.12|6.00|6.09|5.95|441,378
27 Aug 2020|6.04|6.15|5.98|6.07|5.93|302,937
26 Aug 2020|6.10|6.10|5.88|6.01|5.87|844,511
25 Aug 2020|6.02|6.15|6.01|6.12|5.98|342,847
24 Aug 2020|6.00|6.10|5.98|6.07|5.93|382,758
21 Aug 2020|5.85|6.05|5.84|6.03|5.89|817,940
20 Aug 2020|5.76|5.93|5.74|5.86|5.73|487,758
19 Aug 2020|5.77|5.87|5.77|5.81|5.68|540,104
18 Aug 2020|5.70|5.74|5.65|5.73|5.60|518,982
17 Aug 2020|5.69|5.73|5.65|5.68|5.55|905,652
14 Aug 2020|5.75|5.77|5.64|5.70|5.57|594,527
13 Aug 2020|5.75|5.84|5.73|5.75|5.62|1,460,252
12 Aug 2020|5.65|5.86|5.64|5.82|5.69|1,153,020
11 Aug 2020|5.66|5.83|5.66|5.81|5.68|476,051
10 Aug 2020|5.78|5.80|5.68|5.74|5.61|612,605
07 Aug 2020|5.80|5.87|5.77|5.81|5.68|502,642
06 Aug 2020|5.69|5.80|5.68|5.80|5.67|245,723
05 Aug 2020|5.74|5.78|5.69|5.72|5.59|256,544
04 Aug 2020|5.80|5.86|5.72|5.79|5.66|428,340
03 Aug 2020|5.80|5.94|5.73|5.82|5.69|540,560
31 July 2020|5.68|5.92|5.66|5.83|5.70|591,150
30 July 2020|5.72|5.81|5.68|5.68|5.55|569,311
29 July 2020|5.70|5.85|5.69|5.74|5.61|402,548
28 July 2020|5.94|5.97|5.72|5.74|5.61|368,455
27 July 2020|5.86|5.93|5.84|5.93|5.80|244,924
24 July 2020|5.90|5.94|5.79|5.90|5.77|2,250,486
23 July 2020|5.94|6.01|5.86|5.91|5.78|645,331
22 July 2020|5.96|6.04|5.91|5.98|5.84|782,777
21 July 2020|5.83|6.06|5.80|6.01|5.87|1,084,122
20 July 2020|5.85|5.88|5.78|5.78|5.65|267,090
17 July 2020|5.73|5.85|5.72|5.81|5.68|715,230
16 July 2020|5.87|5.98|5.77|5.85|5.72|975,697
15 July 2020|5.68|5.76|5.64|5.75|5.62|1,065,843
14 July 2020|5.68|5.75|5.58|5.64|5.51|532,859
13 July 2020|5.89|5.89|5.73|5.77|5.64|437,406
10 July 2020|5.85|5.89|5.79|5.82|5.69|518,595
09 July 2020|5.91|5.98|5.87|5.88|5.75|442,445
08 July 2020|5.96|6.00|5.90|5.95|5.82|719,965
07 July 2020|6.02|6.04|5.94|5.96|5.83|934,199
06 July 2020|6.02|6.07|5.97|5.98|5.84|618,508
03 July 2020|6.05|6.23|5.98|6.07|5.93|767,145
02 July 2020|5.96|6.04|5.92|6.01|5.87|676,183
01 July 2020|6.04|6.08|5.90|5.99|5.85|843,998
30 June 2020|6.01|6.22|5.92|6.16|6.02|1,224,165
29 June 2020|5.84|6.02|5.80|5.86|5.73|765,350
26 June 2020|5.88|5.93|5.82|5.83|5.70|484,002
25 June 2020|5.90|5.99|5.85|5.86|5.73|1,186,870
24 June 2020|6.08|6.08|5.87|5.93|5.80|649,981
23 June 2020|6.17|6.19|6.04|6.10|5.96|449,213
22 June 2020|6.25|6.28|6.13|6.17|6.03|506,969
19 June 2020|6.14|6.38|6.14|6.29|6.15|1,029,491
18 June 2020|6.22|6.26|6.11|6.19|6.05|504,785
17 June 2020|6.13|6.44|6.09|6.34|6.20|852,261
16 June 2020|6.13|6.18|6.01|6.10|5.96|875,252
15 June 2020|6.14|6.16|5.95|5.97|5.84|566,483
12 June 2020|6.00|6.15|5.89|6.12|5.98|972,045
11 June 2020|6.41|6.41|6.18|6.28|6.14|659,463
10 June 2020|6.52|6.55|6.44|6.48|6.33|713,976
09 June 2020|6.73|6.78|6.50|6.53|6.38|1,253,660
05 June 2020|6.54|6.57|6.41|6.43|6.28|756,034
04 June 2020|6.52|6.67|6.52|6.55|6.40|858,913
03 June 2020|6.23|6.47|6.21|6.40|6.26|543,387
02 June 2020|6.02|6.16|6.02|6.10|5.96|394,073
01 June 2020|5.99|6.03|5.91|6.02|5.88|376,205
29 May 2020|6.02|6.11|5.91|6.04|5.90|842,062
28 May 2020|6.16|6.24|5.97|6.02|5.88|1,334,612
27 May 2020|5.94|6.15|5.88|6.12|5.98|1,429,767
26 May 2020|5.63|5.99|5.58|5.98|5.84|1,801,137
25 May 2020|5.44|5.67|5.42|5.65|5.52|1,119,756
22 May 2020|5.36|5.43|5.35|5.42|5.30|281,376
21 May 2020|5.45|5.47|5.29|5.30|5.18|492,094
20 May 2020|5.30|5.45|5.29|5.43|5.31|668,652
19 May 2020|5.29|5.38|5.28|5.34|5.22|954,813
18 May 2020|5.25|5.33|5.15|5.18|5.06|620,133
15 May 2020|5.32|5.37|5.25|5.32|5.20|535,055
14 May 2020|5.32|5.37|5.24|5.30|5.18|529,671
13 May 2020|5.41|5.45|5.30|5.42|5.30|455,779
12 May 2020|5.63|5.63|5.37|5.45|5.33|717,187
11 May 2020|5.36|5.70|5.33|5.63|5.50|947,500
08 May 2020|5.37|5.40|5.29|5.35|5.23|608,686
07 May 2020|5.41|5.44|5.33|5.39|5.27|431,897
06 May 2020|5.59|5.59|5.45|5.49|5.37|497,366
05 May 2020|5.53|5.67|5.46|5.59|5.46|710,531
04 May 2020|5.50|5.58|5.43|5.55|5.42|609,977
01 May 2020|5.68|5.68|5.55|5.58|5.45|393,904
30 Apr 2020|5.55|5.85|5.52|5.74|5.61|913,986
29 Apr 2020|5.64|5.71|5.54|5.60|5.47|598,681
28 Apr 2020|5.56|5.73|5.52|5.73|5.60|630,463
27 Apr 2020|5.50|5.76|5.50|5.61|5.48|920,686
24 Apr 2020|5.41|5.44|5.31|5.40|5.28|476,905
23 Apr 2020|5.48|5.53|5.31|5.38|5.26|421,673
22 Apr 2020|5.41|5.55|5.39|5.46|5.34|973,546
21 Apr 2020|5.49|5.66|5.46|5.58|5.45|1,114,039
20 Apr 2020|5.73|5.79|5.52|5.66|5.53|1,036,399
17 Apr 2020|5.70|5.92|5.70|5.90|5.77|1,397,820
16 Apr 2020|5.64|5.83|5.57|5.62|5.49|1,703,006
15 Apr 2020|5.55|5.70|5.52|5.66|5.53|1,449,298
14 Apr 2020|5.43|5.75|5.23|5.61|5.48|1,740,963
09 Apr 2020|5.39|5.73|5.38|5.57|5.44|1,433,956
08 Apr 2020|5.31|5.34|5.18|5.32|5.20|1,207,226
07 Apr 2020|5.11|5.54|5.09|5.32|5.20|2,081,062
06 Apr 2020|4.87|4.87|4.87|4.87|4.76|-
03 Apr 2020|5.00|5.01|4.86|4.87|4.76|558,140
02 Apr 2020|5.01|5.18|5.00|5.01|4.90|344,844
01 Apr 2020|4.99|5.18|4.99|5.16|5.04|320,724
31 Mar 2020|5.35|5.35|4.93|4.95|4.84|596,591
30 Mar 2020|5.00|5.30|4.87|5.15|5.03|611,377
27 Mar 2020|6.00|6.04|5.35|5.44|5.32|776,826
26 Mar 2020|5.94|5.99|5.72|5.84|5.71|742,488
25 Mar 2020|5.17|5.54|5.17|5.54|5.41|834,704
24 Mar 2020|4.50|4.84|4.41|4.82|4.71|1,279,480
23 Mar 2020|4.42|4.57|4.17|4.50|4.40|1,314,023
20 Mar 2020|4.56|5.06|4.55|4.95|4.84|1,155,928
19 Mar 2020|4.72|4.72|4.38|4.49|4.39|1,071,160
18 Mar 2020|5.07|5.21|4.88|5.00|4.89|774,520
17 Mar 2020|4.93|5.25|4.93|5.05|4.94|840,758
16 Mar 2020|6.00|6.00|5.03|5.10|4.98|1,310,856
13 Mar 2020|6.00|6.74|5.77|6.69|6.54|862,550
12 Mar 2020|7.15|7.18|6.78|6.80|6.65|465,017
11 Mar 2020|7.45|7.64|7.23|7.32|7.15|347,546
10 Mar 2020|7.07|7.50|7.00|7.44|7.27|452,679
09 Mar 2020|7.42|7.49|7.32|7.37|7.20|519,265
06 Mar 2020|7.44|7.63|7.44|7.59|7.42|337,937
05 Mar 2020|7.52|7.59|7.47|7.52|7.35|219,881
04 Mar 2020|7.41|7.41|7.31|7.33|7.16|317,025
03 Mar 2020|7.39|7.73|7.36|7.48|7.31|821,946
02 Mar 2020|7.43|7.43|7.17|7.28|7.12|459,565
28 Feb 2020|7.58|7.63|7.50|7.63|7.46|616,848
27 Feb 2020|7.82|7.92|7.69|7.73|7.56|124,027
26 Feb 2020|7.80|7.82|7.71|7.80|7.62|237,308
25 Feb 2020|7.80|7.97|7.78|7.95|7.77|275,972
24 Feb 2020|8.09|8.10|7.90|7.93|7.75|241,568
21 Feb 2020|8.19|8.32|8.19|8.23|8.04|121,871
20 Feb 2020|8.15|8.27|8.07|8.18|8.00|302,498
19 Feb 2020|7.97|8.08|7.93|8.00|7.82|81,535
18 Feb 2020|8.10|8.14|8.01|8.06|7.88|93,514
17 Feb 2020|8.04|8.06|8.00|8.04|7.86|87,259
14 Feb 2020|8.11|8.20|8.06|8.12|7.94|236,766
13 Feb 2020|8.21|8.29|8.10|8.18|8.00|210,427
12 Feb 2020|8.20|8.29|8.15|8.22|8.03|124,653
11 Feb 2020|8.23|8.28|8.16|8.22|8.03|255,748
10 Feb 2020|8.23|8.27|8.21|8.25|8.06|166,483
07 Feb 2020|8.28|8.43|8.28|8.38|8.19|200,009
06 Feb 2020|8.20|8.27|8.20|8.20|8.01|110,340
05 Feb 2020|8.00|8.21|8.00|8.18|8.00|314,165
04 Feb 2020|8.05|8.05|7.88|7.98|7.80|234,803
03 Feb 2020|8.17|8.19|8.06|8.09|7.91|87,152
31 Jan 2020|8.22|8.36|8.21|8.34|8.15|82,675
30 Jan 2020|8.32|8.40|8.24|8.24|8.05|78,326
29 Jan 2020|8.30|8.47|8.27|8.36|8.17|156,538
28 Jan 2020|8.39|8.39|8.23|8.29|8.10|171,765
24 Jan 2020|8.64|8.66|8.57|8.61|8.42|89,063
23 Jan 2020|8.64|8.64|8.57|8.58|8.39|32,859
22 Jan 2020|8.58|8.69|8.55|8.64|8.44|81,370
21 Jan 2020|8.67|8.67|8.55|8.63|8.44|56,025
20 Jan 2020|8.80|8.80|8.69|8.75|8.55|68,695
17 Jan 2020|8.72|8.81|8.67|8.78|8.58|132,398
16 Jan 2020|8.70|8.75|8.61|8.72|8.52|99,554
15 Jan 2020|8.64|8.75|8.64|8.73|8.53|74,634
14 Jan 2020|8.51|8.67|8.51|8.67|8.47|78,046
13 Jan 2020|8.54|8.57|8.48|8.55|8.36|52,851
10 Jan 2020|8.70|8.71|8.54|8.54|8.35|59,478
09 Jan 2020|8.88|8.89|8.65|8.69|8.49|93,221
08 Jan 2020|8.76|8.94|8.71|8.90|8.70|127,683
07 Jan 2020|8.75|8.85|8.73|8.82|8.62|155,295
06 Jan 2020|8.61|8.84|8.60|8.75|8.55|89,040
03 Jan 2020|8.50|8.78|8.50|8.65|8.45|57,616
02 Jan 2020|8.47|8.56|8.45|8.47|8.28|13,283
31 Dec 2019|8.50|8.58|8.47|8.51|8.32|50,698
*Close price adjusted for splits.**Close price adjusted for splits and dividend and/or capital gain distributions.
