Date|Open|High|Low|Close*|Adj. close**|Volume
20 Sept 2024|57.35|57.80|56.81|57.49|57.49|708,251
19 Sept 2024|57.73|57.79|56.79|57.37|57.37|1,634,131
18 Sept 2024|56.41|56.99|56.05|56.99|56.99|960,569
17 Sept 2024|56.21|56.94|56.12|56.69|56.69|841,607
16 Sept 2024|55.55|55.93|55.34|55.93|55.93|675,909
13 Sept 2024|55.66|55.95|54.88|55.43|55.43|825,557
12 Sept 2024|55.10|55.45|54.54|55.26|55.26|850,398
11 Sept 2024|55.39|55.50|54.38|54.66|54.66|1,085,442
10 Sept 2024|54.72|55.38|54.10|54.95|54.95|762,538
09 Sept 2024|53.83|54.71|53.83|54.71|54.71|782,135
06 Sept 2024|54.39|55.19|53.97|54.89|54.89|902,197
05 Sept 2024|54.40|54.64|53.73|54.10|54.10|740,260
04 Sept 2024|53.75|54.37|53.37|54.37|54.37|1,128,585
03 Sept 2024|54.41|54.85|54.15|54.55|54.55|781,885
02 Sept 2024|54.61|54.65|53.32|54.41|54.41|587,834
30 Aug 2024|54.42|54.71|53.80|54.71|54.71|2,122,128
29 Aug 2024|54.29|54.50|53.51|54.04|54.04|925,591
28 Aug 2024|53.69|54.20|52.85|54.19|54.19|1,033,858
27 Aug 2024|53.94|54.15|53.18|54.12|54.12|847,648
26 Aug 2024|52.98|53.81|52.95|53.71|53.71|631,090
23 Aug 2024|53.78|53.92|52.42|52.84|52.84|1,253,876
22 Aug 2024|53.83|54.00|53.01|53.54|53.54|647,457
21 Aug 2024|53.50|53.75|53.09|53.61|53.61|813,543
20 Aug 2024|54.72|54.81|53.51|53.51|53.51|792,420
19 Aug 2024|54.29|55.06|54.19|54.41|54.41|546,928
16 Aug 2024|54.45|54.79|53.47|54.44|54.44|1,346,918
15 Aug 2024|53.79|54.25|53.47|54.10|54.10|817,060
14 Aug 2024|53.22|53.72|52.62|53.57|53.57|591,472
13 Aug 2024|52.70|53.08|52.30|52.81|52.81|525,679
12 Aug 2024|52.33|52.77|51.91|52.49|52.49|382,776
09 Aug 2024|52.75|52.75|51.37|51.89|51.89|728,833
08 Aug 2024|51.10|51.88|50.96|51.76|51.76|742,846
07 Aug 2024|51.12|51.98|50.83|51.10|51.10|1,034,254
06 Aug 2024|49.69|51.03|49.42|51.01|51.01|1,497,123
05 Aug 2024|51.28|51.94|49.49|49.75|49.75|1,521,603
02 Aug 2024|53.13|53.81|52.09|52.25|52.25|1,981,898
01 Aug 2024|54.91|54.94|54.32|54.32|54.32|955,406
31 July 2024|54.21|54.50|53.56|54.22|54.22|1,183,804
30 July 2024|53.20|54.10|53.06|53.90|53.90|1,013,852
29 July 2024|53.10|53.94|53.02|53.92|53.92|1,317,233
26 July 2024|52.90|53.00|52.31|52.59|52.59|767,927
25 July 2024|52.12|52.67|52.00|52.55|52.55|1,381,286
24 July 2024|52.87|53.13|52.40|52.78|52.78|924,272
23 July 2024|53.27|53.46|52.54|52.81|52.81|824,808
22 July 2024|52.77|52.92|52.33|52.62|52.62|658,716
19 July 2024|52.29|53.11|52.02|53.11|53.11|1,568,489
18 July 2024|52.50|52.73|52.12|52.57|52.57|1,081,843
17 July 2024|52.20|52.87|51.94|52.39|52.39|1,602,086
16 July 2024|53.49|53.50|51.91|51.91|51.91|2,065,619
15 July 2024|53.31|53.75|52.97|53.66|53.66|957,746
12 July 2024|52.75|53.10|52.30|52.92|52.92|1,010,808
11 July 2024|51.83|52.17|51.60|52.01|52.01|1,101,105
10 July 2024|51.27|51.73|51.03|51.70|51.70|1,154,655
09 July 2024|51.10|51.85|50.60|51.52|51.52|1,144,217
08 July 2024|50.96|51.60|50.65|50.65|50.65|950,422
05 July 2024|50.27|51.04|50.27|50.96|50.96|751,014
04 July 2024|50.23|50.39|50.00|50.21|50.21|722,387
03 July 2024|49.95|50.10|49.11|49.74|49.74|674,854
02 July 2024|50.14|50.44|49.59|49.59|49.59|1,070,915
01 July 2024|49.78|50.23|49.55|50.04|50.04|866,745
28 June 2024|49.90|50.30|49.72|49.76|49.76|1,315,433
27 June 2024|49.25|49.70|48.80|49.43|49.43|1,430,794
26 June 2024|49.64|50.27|49.26|50.02|50.02|1,745,556
25 June 2024|49.59|50.05|49.21|49.98|49.98|1,486,256
24 June 2024|49.07|49.35|48.36|49.01|49.01|812,384
21 June 2024|48.84|49.69|48.63|49.07|49.07|3,731,284
20 June 2024|49.67|49.99|48.51|48.87|48.87|2,591,602
19 June 2024|48.16|48.70|47.87|48.27|48.27|1,279,097
18 June 2024|47.75|48.58|47.60|48.47|48.47|1,844,348
17 June 2024|46.76|47.70|46.73|47.38|47.38|1,774,318
14 June 2024|46.60|47.00|46.59|46.68|46.68|795,655
13 June 2024|47.00|47.43|46.72|46.72|46.72|1,514,270
12 June 2024|46.55|46.80|46.24|46.60|46.60|924,519
11 June 2024|46.74|47.45|46.54|46.81|46.81|1,208,835
07 June 2024|46.84|47.45|46.74|47.18|47.18|1,153,514
06 June 2024|46.08|46.68|46.06|46.31|46.31|1,142,573
05 June 2024|45.20|46.19|45.15|45.97|45.97|1,375,803
04 June 2024|45.32|45.66|44.93|44.93|44.93|1,039,004
03 June 2024|45.33|45.45|44.90|45.27|45.27|1,026,124
31 May 2024|44.24|44.93|44.04|44.93|44.93|3,729,215
30 May 2024|43.15|43.98|42.88|43.91|43.91|1,280,228
29 May 2024|44.23|44.49|43.37|43.54|43.54|1,860,082
28 May 2024|45.04|45.45|44.85|44.88|44.88|1,089,251
27 May 2024|44.90|45.47|44.80|45.07|45.07|950,850
24 May 2024|44.97|45.52|44.88|45.00|45.00|1,291,543
23 May 2024|45.81|46.05|44.97|45.31|45.31|1,900,047
23 May 2024|0.36Dividend
22 May 2024|47.20|47.23|46.29|46.44|46.08|1,970,186
21 May 2024|46.78|47.57|46.31|46.99|46.63|1,674,128
20 May 2024|46.20|47.40|45.89|46.90|46.54|2,408,243
17 May 2024|46.71|46.73|45.42|46.28|45.92|2,527,987
16 May 2024|43.80|45.89|43.40|45.75|45.40|3,730,557
15 May 2024|40.35|40.86|40.20|40.74|40.42|1,689,147
14 May 2024|39.60|40.13|39.51|39.96|39.65|870,100
13 May 2024|39.39|39.65|39.30|39.47|39.16|664,517
10 May 2024|39.18|39.62|39.10|39.42|39.11|785,521
09 May 2024|39.65|39.71|39.04|39.16|38.86|877,276
08 May 2024|39.94|40.18|39.51|39.65|39.34|1,892,404
07 May 2024|39.70|40.19|39.40|40.03|39.72|1,445,687
06 May 2024|39.99|40.00|39.29|39.45|39.14|1,098,541
03 May 2024|39.04|39.97|38.92|39.92|39.61|856,622
02 May 2024|39.30|39.53|38.77|39.02|38.72|1,358,571
01 May 2024|39.63|39.69|39.09|39.34|39.04|1,022,931
30 Apr 2024|39.33|39.99|39.30|39.92|39.61|1,134,052
29 Apr 2024|40.45|40.57|39.61|39.75|39.44|1,332,923
26 Apr 2024|40.69|40.90|40.03|40.20|39.89|1,353,751
24 Apr 2024|41.83|41.98|40.93|41.07|40.75|953,722
23 Apr 2024|41.45|41.62|41.22|41.29|40.97|1,214,347
22 Apr 2024|40.57|41.14|40.40|41.14|40.82|1,309,870
19 Apr 2024|39.85|40.43|39.71|40.32|40.01|1,510,049
18 Apr 2024|39.52|40.03|39.52|40.03|39.72|1,511,858
17 Apr 2024|39.94|40.13|39.52|39.70|39.39|1,140,302
16 Apr 2024|41.03|41.39|40.09|40.09|39.78|1,243,979
15 Apr 2024|40.57|41.27|40.52|41.26|40.94|1,088,169
12 Apr 2024|41.10|41.47|41.05|41.16|40.84|1,249,782
11 Apr 2024|40.90|41.61|40.87|41.23|40.91|1,165,259
10 Apr 2024|42.14|42.41|41.80|41.88|41.56|2,771,049
09 Apr 2024|41.55|42.29|41.30|42.14|41.81|1,671,733
08 Apr 2024|41.97|42.10|41.40|41.40|41.08|829,732
05 Apr 2024|41.90|41.90|41.51|41.59|41.27|817,132
04 Apr 2024|42.00|42.33|41.84|42.10|41.77|1,114,745
03 Apr 2024|42.81|43.06|41.75|41.95|41.62|1,061,737
02 Apr 2024|42.86|43.60|42.69|43.09|42.76|1,512,302
28 Mar 2024|43.00|43.08|42.75|43.00|42.67|1,601,539
27 Mar 2024|42.73|43.35|42.68|42.90|42.57|1,245,355
26 Mar 2024|43.16|43.25|42.82|42.87|42.54|1,052,034
25 Mar 2024|43.96|44.11|42.99|43.25|42.91|1,371,265
22 Mar 2024|44.43|44.81|43.64|43.66|43.32|1,772,994
21 Mar 2024|44.65|45.04|44.24|44.83|44.48|2,104,780
20 Mar 2024|44.57|44.94|44.10|44.34|44.00|1,140,125
19 Mar 2024|44.26|44.68|44.19|44.44|44.10|1,046,662
18 Mar 2024|44.19|44.74|44.19|44.36|44.02|833,038
15 Mar 2024|45.13|45.25|44.00|44.30|43.96|2,632,428
14 Mar 2024|47.00|47.03|45.90|45.94|45.58|1,571,912
13 Mar 2024|46.35|46.99|45.99|46.86|46.50|1,298,435
12 Mar 2024|45.90|46.11|45.57|45.91|45.55|652,682
11 Mar 2024|46.35|46.39|45.70|45.90|45.54|747,050
08 Mar 2024|46.80|46.89|46.12|46.47|46.11|1,839,461
07 Mar 2024|46.37|46.96|45.93|46.26|45.90|1,170,609
06 Mar 2024|46.39|46.84|45.75|46.26|45.90|684,117
05 Mar 2024|46.25|46.63|46.14|46.49|46.13|1,154,357
04 Mar 2024|46.38|46.87|46.25|46.73|46.37|667,463
01 Mar 2024|46.78|47.02|46.28|46.75|46.39|906,229
29 Feb 2024|46.09|46.68|45.88|46.63|46.27|2,027,380
28 Feb 2024|45.45|46.07|45.21|45.95|45.59|1,013,337
27 Feb 2024|45.30|45.64|45.02|45.45|45.10|877,009
26 Feb 2024|44.98|45.58|44.83|45.40|45.05|1,065,262
23 Feb 2024|44.35|44.92|44.19|44.84|44.49|836,082
22 Feb 2024|44.23|44.53|42.75|43.84|43.50|1,948,200
21 Feb 2024|44.66|45.18|44.16|44.69|44.34|1,534,106
20 Feb 2024|44.28|44.50|44.15|44.35|44.01|892,425
19 Feb 2024|43.93|44.60|43.93|44.13|43.79|428,186
16 Feb 2024|44.42|44.86|44.22|44.32|43.98|1,159,972
15 Feb 2024|43.71|44.70|43.60|44.51|44.16|1,187,962
14 Feb 2024|43.82|43.99|43.32|43.70|43.36|995,006
13 Feb 2024|43.90|44.09|43.63|43.94|43.60|813,997
12 Feb 2024|43.81|44.12|43.69|43.91|43.57|563,446
09 Feb 2024|43.70|44.08|43.61|43.72|43.38|1,682,504
08 Feb 2024|44.19|44.26|43.61|43.93|43.59|2,205,959
07 Feb 2024|44.35|44.39|43.75|43.86|43.52|915,060
06 Feb 2024|44.34|44.58|44.13|44.31|43.97|1,297,106
05 Feb 2024|44.26|44.84|44.23|44.57|44.22|1,035,967
02 Feb 2024|44.10|44.91|44.08|44.65|44.30|1,349,538
01 Feb 2024|44.54|44.59|43.67|43.95|43.61|1,218,615
31 Jan 2024|44.22|44.50|43.89|44.50|44.16|2,359,413
30 Jan 2024|44.22|44.53|43.99|44.06|43.72|1,350,109
29 Jan 2024|43.66|43.99|43.49|43.85|43.51|1,250,115
25 Jan 2024|43.55|43.97|43.42|43.59|43.25|1,105,605
24 Jan 2024|43.89|43.89|43.35|43.51|43.17|1,262,045
23 Jan 2024|43.64|44.13|43.35|43.80|43.46|995,817
22 Jan 2024|43.05|43.89|43.02|43.74|43.40|1,471,554
19 Jan 2024|41.85|42.73|41.25|42.60|42.27|1,337,046
18 Jan 2024|40.96|41.30|40.44|41.30|40.98|1,257,770
17 Jan 2024|40.87|41.20|40.49|41.20|40.88|1,678,562
16 Jan 2024|40.45|40.77|39.98|40.48|40.17|1,254,559
15 Jan 2024|40.53|40.69|40.37|40.40|40.08|82,974
12 Jan 2024|40.63|40.72|40.27|40.48|40.17|838,453
11 Jan 2024|40.87|40.94|40.33|40.61|40.30|1,245,397
10 Jan 2024|39.98|40.98|39.82|40.10|39.79|1,822,219
09 Jan 2024|39.99|40.00|39.64|39.67|39.36|1,055,635
08 Jan 2024|39.95|39.99|39.39|39.52|39.21|898,331
05 Jan 2024|40.18|40.29|39.67|39.74|39.43|1,060,424
04 Jan 2024|40.86|40.87|40.24|40.31|40.00|1,225,354
03 Jan 2024|40.35|40.91|40.33|40.50|40.19|871,707
02 Jan 2024|40.60|41.00|40.54|40.95|40.63|616,830
29 Dec 2023|40.87|40.95|40.65|40.82|40.50|603,208
28 Dec 2023|40.69|40.93|40.46|40.80|40.48|652,456
27 Dec 2023|40.53|41.10|40.42|40.58|40.27|723,977
22 Dec 2023|40.95|40.95|40.52|40.55|40.24|687,305
21 Dec 2023|41.69|41.72|40.78|40.80|40.48|1,788,936
20 Dec 2023|41.90|42.12|41.66|41.76|41.44|1,426,948
19 Dec 2023|41.22|41.83|41.06|41.80|41.48|1,696,688
18 Dec 2023|40.89|41.10|40.59|40.98|40.66|1,189,419
15 Dec 2023|40.50|41.15|40.22|40.90|40.58|3,101,015
14 Dec 2023|40.53|40.63|40.22|40.44|40.13|2,164,676
13 Dec 2023|39.99|39.99|39.53|39.78|39.47|1,473,874
12 Dec 2023|39.77|39.94|39.23|39.70|39.39|1,144,436
11 Dec 2023|39.57|39.68|39.01|39.26|38.96|1,247,048
08 Dec 2023|39.18|39.63|39.18|39.24|38.94|1,170,171
07 Dec 2023|39.70|39.93|39.32|39.56|39.25|1,830,197
06 Dec 2023|39.80|40.28|39.51|40.04|39.73|1,831,982
05 Dec 2023|40.23|40.35|38.99|39.30|39.00|1,921,670
04 Dec 2023|41.50|41.81|40.29|40.44|40.13|1,808,088
01 Dec 2023|40.16|40.34|39.70|39.98|39.67|1,560,383
30 Nov 2023|39.91|40.81|39.51|40.59|40.28|3,217,598
30 Nov 2023|0.34Dividend
29 Nov 2023|39.50|40.45|39.44|40.30|39.65|1,527,718
28 Nov 2023|39.02|39.42|39.02|39.35|38.72|1,085,660
27 Nov 2023|39.80|39.89|38.87|39.02|38.39|616,292
24 Nov 2023|40.11|40.36|39.81|40.08|39.43|860,907
23 Nov 2023|40.28|40.62|39.92|40.11|39.46|1,317,426
22 Nov 2023|40.53|40.94|40.23|40.36|39.71|922,359
21 Nov 2023|41.34|41.65|40.61|40.75|40.09|1,120,374
20 Nov 2023|40.39|41.08|40.28|41.06|40.40|1,127,142
17 Nov 2023|40.34|40.83|40.07|40.23|39.58|1,556,734
16 Nov 2023|40.00|40.96|39.90|40.41|39.76|1,766,037
15 Nov 2023|41.68|42.05|38.46|39.48|38.84|2,786,816
14 Nov 2023|40.35|41.00|39.70|39.86|39.22|1,359,782
13 Nov 2023|40.53|40.69|39.91|40.26|39.61|1,219,995
10 Nov 2023|40.40|40.72|40.01|40.29|39.64|742,595
09 Nov 2023|40.35|41.08|40.00|40.62|39.97|982,915
08 Nov 2023|39.75|40.45|39.44|40.25|39.60|1,098,449
07 Nov 2023|39.63|39.97|39.38|39.74|39.10|860,636
06 Nov 2023|39.68|39.98|39.43|39.71|39.07|966,575
03 Nov 2023|39.80|39.81|39.15|39.32|38.69|782,289
02 Nov 2023|39.29|39.53|38.84|39.10|38.47|1,216,052
01 Nov 2023|38.88|39.04|38.48|39.04|38.41|1,223,075
31 Oct 2023|39.03|39.44|38.53|38.53|37.91|1,244,906
30 Oct 2023|38.73|39.13|38.44|38.92|38.29|428,346
27 Oct 2023|39.48|39.54|38.76|39.16|38.53|703,077
26 Oct 2023|39.82|39.98|38.21|39.13|38.50|1,749,025
25 Oct 2023|39.97|40.70|39.65|40.37|39.72|1,129,388
24 Oct 2023|39.03|39.73|38.87|39.73|39.09|1,380,336
23 Oct 2023|38.90|39.24|38.74|39.14|38.51|711,910
20 Oct 2023|38.37|39.08|38.06|39.08|38.45|814,300
19 Oct 2023|38.86|38.86|38.23|38.74|38.12|1,294,830
18 Oct 2023|39.57|39.81|39.11|39.39|38.75|860,573
17 Oct 2023|40.00|40.40|39.59|39.64|39.00|848,926
16 Oct 2023|39.11|39.49|38.88|39.33|38.70|506,132
13 Oct 2023|39.42|39.93|38.73|39.47|38.83|772,979
12 Oct 2023|41.04|41.04|39.97|40.00|39.36|1,331,553
11 Oct 2023|40.87|41.10|40.63|40.88|40.22|881,656
10 Oct 2023|40.00|40.69|39.93|40.44|39.79|1,508,386
09 Oct 2023|39.90|40.38|39.61|39.90|39.26|1,253,456
06 Oct 2023|39.80|40.21|39.42|40.10|39.45|1,392,578
05 Oct 2023|40.61|40.78|39.15|39.18|38.55|1,863,864
04 Oct 2023|40.55|41.20|40.45|40.67|40.01|2,268,427
03 Oct 2023|40.06|40.88|40.02|40.88|40.22|2,115,988
02 Oct 2023|40.51|41.10|40.46|40.60|39.95|645,173
29 Sept 2023|40.53|41.40|40.50|40.85|40.19|1,471,586
28 Sept 2023|41.44|41.66|40.64|40.64|39.98|923,709
27 Sept 2023|41.34|41.41|40.98|41.41|40.74|859,019
26 Sept 2023|41.52|41.72|41.27|41.48|40.81|981,201
25 Sept 2023|40.89|41.47|40.71|41.33|40.66|773,403
22 Sept 2023|40.31|40.87|40.19|40.69|40.03|1,243,031
21 Sept 2023|41.94|41.96|40.96|41.14|40.48|1,601,230
20 Sept 2023|41.61|43.09|41.61|42.23|41.55|2,694,290
19 Sept 2023|40.79|41.49|40.65|41.04|40.38|873,633
18 Sept 2023|40.66|40.82|40.22|40.80|40.14|609,470
15 Sept 2023|41.20|41.55|40.86|41.05|40.39|1,978,877
14 Sept 2023|40.26|40.80|40.25|40.51|39.86|805,591
13 Sept 2023|40.73|40.82|40.22|40.49|39.84|752,435
12 Sept 2023|40.68|40.85|39.98|40.81|40.15|888,493
11 Sept 2023|40.85|40.99|40.55|40.92|40.26|689,821
08 Sept 2023|41.48|41.48|40.57|40.62|39.97|650,182
07 Sept 2023|40.98|41.34|40.83|41.25|40.58|1,273,886
06 Sept 2023|41.80|41.80|41.08|41.21|40.55|761,889
05 Sept 2023|41.14|41.85|41.08|41.85|41.18|607,014
04 Sept 2023|41.25|41.45|40.97|41.39|40.72|766,117
01 Sept 2023|40.80|41.39|40.77|41.09|40.43|481,137
31 Aug 2023|41.31|41.70|40.90|40.90|40.24|1,723,196
30 Aug 2023|40.89|41.27|40.35|40.85|40.19|841,997
29 Aug 2023|40.57|40.78|40.22|40.74|40.08|641,979
28 Aug 2023|40.41|40.63|40.13|40.52|39.87|456,214
25 Aug 2023|40.11|40.19|39.84|39.96|39.32|1,252,457
24 Aug 2023|40.70|40.70|40.25|40.57|39.92|939,740
23 Aug 2023|40.13|40.74|39.86|40.46|39.81|1,288,411
22 Aug 2023|40.35|40.85|40.20|40.29|39.64|1,443,451
21 Aug 2023|40.07|40.63|39.82|40.49|39.84|1,549,250
18 Aug 2023|40.28|40.55|40.04|40.20|39.55|938,407
17 Aug 2023|40.24|40.88|40.11|40.85|40.19|1,156,061
16 Aug 2023|41.20|41.20|40.71|40.86|40.20|874,869
15 Aug 2023|41.42|41.59|41.08|41.34|40.67|938,257
14 Aug 2023|41.51|41.51|40.99|41.21|40.55|944,675
11 Aug 2023|41.65|41.74|41.40|41.71|41.04|645,347
10 Aug 2023|41.26|41.70|41.23|41.69|41.02|1,118,394
09 Aug 2023|41.05|41.40|40.94|41.29|40.62|690,605
08 Aug 2023|41.00|41.50|40.69|41.23|40.57|1,008,994
07 Aug 2023|40.56|41.10|40.54|40.81|40.15|651,215
04 Aug 2023|40.09|41.01|39.86|40.78|40.12|1,203,205
03 Aug 2023|39.21|40.38|38.99|40.24|39.59|1,507,239
02 Aug 2023|39.51|40.38|39.46|39.70|39.06|1,184,824
01 Aug 2023|39.40|39.75|39.13|39.75|39.11|895,342
31 July 2023|39.29|39.43|38.98|39.33|38.70|616,241
28 July 2023|39.41|39.46|38.86|39.11|38.48|784,889
27 July 2023|38.75|39.86|38.75|39.84|39.20|1,287,044
26 July 2023|38.71|38.97|38.19|38.86|38.23|1,160,813
25 July 2023|38.58|38.71|38.13|38.47|37.85|978,613
24 July 2023|38.80|38.80|38.37|38.66|38.04|1,304,192
21 July 2023|38.00|38.38|37.87|38.37|37.75|1,404,936
20 July 2023|38.67|38.75|38.38|38.56|37.94|1,614,925
19 July 2023|38.40|38.54|38.23|38.34|37.72|1,824,825
18 July 2023|39.10|39.37|38.15|38.32|37.70|948,740
17 July 2023|38.83|39.45|38.58|39.39|38.75|3,059,528
14 July 2023|38.46|38.82|37.09|38.82|38.19|1,260,483
13 July 2023|38.00|38.30|37.90|38.22|37.60|1,593,644
12 July 2023|37.50|37.53|37.22|37.43|36.83|830,130
11 July 2023|36.77|37.16|36.69|37.16|36.56|1,146,451
10 July 2023|36.72|36.89|36.45|36.49|35.90|971,135
07 July 2023|37.40|37.56|36.74|36.80|36.21|1,255,540
06 July 2023|38.57|38.85|37.87|37.87|37.26|1,587,296
05 July 2023|39.19|39.34|38.51|38.69|38.07|1,146,617
04 July 2023|38.96|39.40|38.91|39.35|38.72|843,634
03 July 2023|39.00|39.15|38.57|39.05|38.42|927,366
30 June 2023|38.66|38.77|38.27|38.66|38.04|1,137,979
29 June 2023|38.24|38.78|38.10|38.71|38.09|998,366
28 June 2023|37.85|38.34|37.69|38.34|37.72|1,761,206
27 June 2023|37.76|37.93|37.08|37.42|36.82|1,455,574
26 June 2023|38.00|38.18|37.63|37.86|37.25|867,768
23 June 2023|38.27|38.55|37.93|38.03|37.42|732,189
22 June 2023|39.65|39.65|38.52|38.52|37.90|3,202,784
21 June 2023|39.55|40.10|39.21|39.52|38.88|1,385,789
20 June 2023|39.00|39.72|38.79|39.70|39.06|1,140,994
19 June 2023|38.89|39.25|38.52|39.06|38.43|1,298,647
16 June 2023|38.12|38.57|37.81|38.57|37.95|2,582,024
15 June 2023|38.47|38.50|38.00|38.15|37.53|1,266,342
14 June 2023|38.60|38.83|38.08|38.08|37.47|1,431,929
13 June 2023|38.61|38.86|38.13|38.66|38.04|1,459,553
09 June 2023|37.88|38.07|37.64|38.07|37.46|979,957
08 June 2023|38.00|38.04|37.32|37.52|36.92|1,570,776
07 June 2023|37.90|38.01|37.58|37.97|37.36|1,700,600
06 June 2023|37.95|38.02|37.23|37.36|36.76|1,431,707
05 June 2023|38.44|38.50|38.18|38.30|37.68|1,169,442
02 June 2023|37.89|38.13|37.65|37.88|37.27|1,325,339
01 June 2023|37.00|37.70|36.75|37.63|37.02|1,090,828
31 May 2023|37.90|38.05|37.15|37.15|36.55|2,801,130
30 May 2023|38.21|38.33|37.66|37.66|37.05|923,516
29 May 2023|38.75|38.87|37.99|38.08|37.47|1,068,304
26 May 2023|38.09|38.48|37.83|38.39|37.77|767,030
25 May 2023|38.00|38.40|37.85|38.06|37.45|1,712,078
25 May 2023|0.3Dividend
24 May 2023|38.42|38.69|38.11|38.47|37.55|1,107,854
23 May 2023|38.94|39.45|38.61|38.73|37.81|1,253,096
22 May 2023|38.45|39.01|38.33|38.75|37.83|773,907
19 May 2023|38.39|38.65|37.95|38.50|37.58|2,648,780
18 May 2023|38.80|39.13|36.65|38.04|37.13|4,210,298
17 May 2023|39.24|39.55|38.80|39.24|38.31|936,749
16 May 2023|39.52|39.74|38.84|39.36|38.42|1,324,024
15 May 2023|38.95|39.51|38.34|39.51|38.57|1,344,915
12 May 2023|38.29|38.75|38.20|38.69|37.77|916,530
11 May 2023|37.83|38.53|37.83|38.53|37.61|1,193,500
10 May 2023|37.32|37.99|37.32|37.99|37.09|889,203
09 May 2023|37.62|37.74|37.22|37.50|36.61|893,420
08 May 2023|37.66|37.99|37.42|37.78|36.88|802,670
05 May 2023|38.16|38.29|37.50|37.57|36.68|1,187,643
04 May 2023|37.55|38.20|37.50|38.20|37.29|612,492
03 May 2023|37.35|37.67|37.07|37.67|36.77|3,082,100
02 May 2023|37.94|38.32|37.45|37.80|36.90|3,053,698
01 May 2023|38.08|38.32|38.00|38.10|37.19|2,190,805
28 Apr 2023|37.54|37.99|37.50|37.91|37.01|2,260,637
27 Apr 2023|37.40|37.60|36.93|37.01|36.13|820,811
26 Apr 2023|37.60|37.89|37.52|37.62|36.72|2,110,855
24 Apr 2023|37.66|38.03|37.41|37.97|37.07|756,076
21 Apr 2023|37.65|37.87|37.45|37.50|36.61|1,085,352
20 Apr 2023|37.22|37.92|37.19|37.80|36.90|1,672,117
19 Apr 2023|37.45|37.66|36.96|36.96|36.08|1,273,834
18 Apr 2023|37.70|37.75|37.35|37.73|36.83|1,021,821
17 Apr 2023|37.34|37.91|37.06|37.71|36.81|900,023
14 Apr 2023|37.18|37.43|36.98|37.16|36.28|1,056,938
13 Apr 2023|37.66|37.88|37.03|37.05|36.17|1,635,891
12 Apr 2023|37.84|37.96|37.46|37.81|36.91|838,283
11 Apr 2023|37.98|38.29|37.58|37.96|37.06|993,871
06 Apr 2023|38.00|38.00|37.16|37.40|36.51|895,431
05 Apr 2023|37.41|38.37|37.12|38.32|37.41|1,668,133
04 Apr 2023|37.20|37.76|37.04|37.56|36.67|1,144,597
03 Apr 2023|37.31|37.84|37.12|37.70|36.80|1,146,543
31 Mar 2023|37.52|37.71|37.14|37.20|36.31|1,216,791
30 Mar 2023|37.57|37.57|36.92|37.36|36.47|1,225,659
29 Mar 2023|36.58|37.03|36.58|37.03|36.15|1,249,421
28 Mar 2023|36.70|36.95|36.35|36.63|35.76|944,119
27 Mar 2023|36.65|36.76|36.34|36.63|35.76|872,839
24 Mar 2023|36.02|36.60|35.94|36.60|35.73|1,365,933
23 Mar 2023|35.93|36.36|35.76|36.20|35.34|1,190,221
22 Mar 2023|35.75|36.38|35.62|36.20|35.34|3,049,633
21 Mar 2023|34.41|35.16|34.39|35.14|34.30|1,185,588
20 Mar 2023|34.48|34.69|34.16|34.51|33.69|850,819
17 Mar 2023|34.45|34.74|34.24|34.71|33.88|2,101,256
16 Mar 2023|33.58|34.43|33.41|34.30|33.48|2,315,491
15 Mar 2023|35.20|35.23|34.21|34.49|33.67|2,068,632
14 Mar 2023|35.28|35.33|34.49|34.97|34.14|1,611,837
13 Mar 2023|36.11|36.17|35.49|35.57|34.72|1,009,671
10 Mar 2023|37.46|37.51|36.41|36.44|35.57|945,347
09 Mar 2023|37.70|37.86|37.50|37.80|36.90|1,091,484
08 Mar 2023|36.90|37.43|36.90|37.31|36.42|714,359
07 Mar 2023|37.22|37.50|36.28|37.34|36.45|803,015
06 Mar 2023|37.20|37.53|36.83|37.32|36.43|778,778
03 Mar 2023|36.81|37.07|36.71|36.71|35.84|850,609
02 Mar 2023|36.66|36.77|35.98|36.67|35.80|1,073,330
01 Mar 2023|36.20|36.99|36.09|36.74|35.87|825,612
28 Feb 2023|36.67|36.87|36.54|36.54|35.67|1,813,813
27 Feb 2023|36.11|36.55|35.79|36.53|35.66|883,881
24 Feb 2023|36.00|36.96|36.00|36.88|36.00|1,027,061
23 Feb 2023|35.72|36.23|35.67|35.89|35.04|1,275,304
22 Feb 2023|35.40|35.88|35.06|35.88|35.03|1,041,107
21 Feb 2023|35.46|35.84|35.44|35.64|34.79|670,532
20 Feb 2023|35.88|35.99|35.63|35.80|34.95|508,367
17 Feb 2023|36.05|36.25|35.48|35.50|34.66|1,363,491
16 Feb 2023|35.78|36.59|35.70|36.35|35.49|1,659,007
15 Feb 2023|36.53|37.01|35.54|36.00|35.14|1,640,174
14 Feb 2023|36.19|36.35|35.81|36.04|35.18|787,914
13 Feb 2023|35.63|36.03|35.61|35.68|34.83|854,779
10 Feb 2023|35.99|36.10|35.72|35.90|35.05|999,033
09 Feb 2023|36.01|36.49|36.01|36.34|35.48|1,339,691
08 Feb 2023|36.55|37.28|36.33|36.50|35.63|1,664,648
07 Feb 2023|36.37|36.43|36.10|36.12|35.26|1,023,392
06 Feb 2023|36.29|36.41|36.05|36.38|35.51|1,015,014
03 Feb 2023|35.68|36.55|35.52|36.45|35.58|2,846,711
02 Feb 2023|35.80|35.89|35.00|35.44|34.60|2,014,222
01 Feb 2023|34.14|34.33|33.97|34.29|33.47|1,230,107
31 Jan 2023|33.75|33.99|33.50|33.96|33.15|1,279,828
30 Jan 2023|34.35|34.49|33.82|33.94|33.13|1,380,972
27 Jan 2023|34.50|34.54|33.92|34.07|33.26|1,164,882
25 Jan 2023|34.48|34.79|33.91|34.20|33.39|1,302,806
24 Jan 2023|33.56|34.16|33.44|34.10|33.29|1,531,040
23 Jan 2023|33.30|33.43|32.88|33.25|32.46|1,347,297
20 Jan 2023|33.30|33.50|33.04|33.12|32.33|1,321,419
19 Jan 2023|33.69|33.75|33.18|33.48|32.68|3,095,478
18 Jan 2023|33.33|33.52|33.03|33.27|32.48|1,184,776
17 Jan 2023|33.25|33.55|33.18|33.55|32.75|1,231,424
16 Jan 2023|33.70|33.70|33.00|33.28|32.49|857,481
13 Jan 2023|32.47|33.27|32.32|33.20|32.41|2,149,245
12 Jan 2023|32.28|32.50|31.95|31.96|31.20|1,427,613
11 Jan 2023|32.26|32.26|31.84|32.24|31.47|2,475,254
10 Jan 2023|31.28|32.12|31.12|32.06|31.30|2,401,654
09 Jan 2023|31.84|31.95|31.27|31.37|30.62|881,070
06 Jan 2023|31.29|31.48|31.15|31.47|30.72|1,534,632
05 Jan 2023|31.29|31.62|31.15|31.37|30.62|1,769,292
04 Jan 2023|31.02|31.38|30.89|31.15|30.41|1,863,609
03 Jan 2023|30.71|30.82|30.36|30.62|29.89|824,380
30 Dec 2022|31.24|31.25|30.52|30.52|29.79|1,052,219
29 Dec 2022|31.00|31.46|30.53|30.78|30.05|1,292,834
28 Dec 2022|30.80|30.97|30.54|30.92|30.18|984,649
23 Dec 2022|30.70|30.90|30.60|30.75|30.02|1,139,799
22 Dec 2022|31.01|31.09|30.80|30.95|30.21|1,640,230
21 Dec 2022|31.30|31.51|30.83|30.90|30.16|1,935,520
20 Dec 2022|32.02|32.14|30.85|30.85|30.12|1,532,585
19 Dec 2022|32.50|32.78|32.20|32.30|31.53|1,358,999
16 Dec 2022|32.70|33.09|32.60|32.95|32.17|2,813,448
15 Dec 2022|33.64|33.68|33.15|33.15|32.36|2,831,909
14 Dec 2022|33.80|33.90|33.53|33.68|32.88|1,799,169
13 Dec 2022|34.05|34.20|33.79|33.79|32.99|1,630,100
12 Dec 2022|33.80|34.11|33.46|33.72|32.92|1,480,319
09 Dec 2022|34.00|34.29|33.76|34.01|33.20|1,548,179
08 Dec 2022|33.93|34.18|33.55|33.94|33.13|1,703,383
07 Dec 2022|34.78|34.78|33.89|33.97|33.16|1,985,105
06 Dec 2022|35.15|35.45|34.93|35.06|34.23|1,578,531
05 Dec 2022|35.30|35.48|35.08|35.26|34.42|1,212,021
02 Dec 2022|36.10|36.30|35.12|35.27|34.43|1,847,979
01 Dec 2022|35.28|36.08|35.20|36.03|35.17|1,625,777
30 Nov 2022|35.25|35.41|34.70|35.03|34.20|3,257,630
30 Nov 2022|0.26Dividend
29 Nov 2022|35.67|35.90|35.13|35.45|34.35|1,515,682
28 Nov 2022|35.94|36.30|35.73|35.73|34.62|1,123,377
25 Nov 2022|35.45|36.23|35.40|36.12|35.00|994,217
24 Nov 2022|35.75|35.82|35.13|35.42|34.32|1,475,602
23 Nov 2022|36.18|36.19|35.10|35.50|34.40|1,492,176
22 Nov 2022|36.00|36.25|35.66|35.79|34.68|1,181,221
21 Nov 2022|36.24|36.55|35.73|35.98|34.87|1,469,785
18 Nov 2022|36.26|36.89|36.17|36.20|35.08|1,543,861
17 Nov 2022|35.76|36.34|35.53|36.34|35.22|2,803,615
16 Nov 2022|36.03|36.47|34.49|35.98|34.87|4,557,510
15 Nov 2022|37.40|37.96|37.17|37.88|36.71|1,556,308
14 Nov 2022|37.89|37.90|37.15|37.56|36.40|1,136,441
11 Nov 2022|38.10|38.49|37.59|37.83|36.66|2,535,292
10 Nov 2022|37.34|37.58|36.56|36.84|35.70|1,354,282
09 Nov 2022|36.35|37.75|36.35|37.01|35.86|1,536,130
08 Nov 2022|37.00|37.17|36.80|36.97|35.83|1,234,522
07 Nov 2022|37.28|37.43|36.71|37.00|35.85|870,994
04 Nov 2022|37.12|37.29|36.76|37.16|36.01|1,167,076
03 Nov 2022|36.85|37.50|36.17|37.37|36.21|850,947
02 Nov 2022|37.68|38.11|37.24|37.34|36.18|1,117,723
01 Nov 2022|37.02|37.91|36.72|37.72|36.55|1,344,234
31 Oct 2022|36.93|37.08|36.66|37.07|35.92|1,400,653
28 Oct 2022|36.57|36.66|35.96|36.31|35.19|990,862
27 Oct 2022|36.80|37.08|36.34|36.47|35.34|1,161,948
26 Oct 2022|36.50|36.96|36.35|36.71|35.57|1,399,379
25 Oct 2022|35.80|36.25|35.75|36.17|35.05|1,246,349
24 Oct 2022|35.57|35.94|35.41|35.49|34.39|1,090,764
21 Oct 2022|35.00|35.01|34.57|34.91|33.83|1,352,231
20 Oct 2022|35.31|35.44|34.77|35.00|33.92|1,867,790
19 Oct 2022|35.18|35.91|35.01|35.74|34.63|1,365,834
18 Oct 2022|34.55|35.08|34.32|34.90|33.82|1,270,551
17 Oct 2022|34.64|34.69|33.71|34.12|33.06|852,548
14 Oct 2022|34.11|35.13|34.10|34.93|33.85|1,476,164
13 Oct 2022|34.17|34.25|33.72|34.02|32.97|1,397,808
12 Oct 2022|34.24|34.50|34.02|34.03|32.98|1,409,849
11 Oct 2022|34.22|34.68|34.10|34.38|33.32|1,155,325
10 Oct 2022|34.00|34.39|33.76|34.17|33.11|795,092
07 Oct 2022|33.82|34.44|33.69|34.28|33.22|1,106,247
06 Oct 2022|34.04|34.44|33.98|34.20|33.14|1,000,743
05 Oct 2022|33.44|34.49|33.00|34.35|33.29|1,718,864
04 Oct 2022|32.67|33.02|32.46|33.01|31.99|1,553,253
03 Oct 2022|32.84|32.94|31.98|32.18|31.18|852,565
30 Sept 2022|33.38|33.69|32.67|32.92|31.90|2,394,614
29 Sept 2022|33.76|34.08|33.62|33.64|32.60|1,758,407
28 Sept 2022|33.21|33.38|32.78|33.27|32.24|2,082,280
27 Sept 2022|33.33|33.58|33.23|33.39|32.36|2,404,266
26 Sept 2022|32.26|33.45|32.21|33.13|32.10|1,765,756
23 Sept 2022|34.48|34.75|32.68|32.88|31.86|2,295,664
21 Sept 2022|34.67|34.90|34.54|34.80|33.72|1,382,186
20 Sept 2022|34.60|35.11|34.60|35.02|33.94|1,189,721
19 Sept 2022|34.39|34.60|33.97|34.37|33.31|1,198,046
16 Sept 2022|33.90|34.53|33.88|34.29|33.23|2,626,591
15 Sept 2022|34.20|34.61|33.99|34.21|33.15|1,751,657
14 Sept 2022|34.51|34.58|33.93|34.01|32.96|1,434,117
13 Sept 2022|35.16|35.24|34.73|35.13|34.04|1,717,758
12 Sept 2022|35.02|35.20|34.88|35.09|34.00|1,092,396
09 Sept 2022|34.79|34.90|34.47|34.64|33.57|1,326,072
08 Sept 2022|34.59|35.03|34.17|35.03|33.95|3,194,723
07 Sept 2022|34.85|34.88|34.01|34.45|33.38|1,613,546
06 Sept 2022|34.64|34.98|34.48|34.55|33.48|1,113,916
05 Sept 2022|35.03|35.03|34.46|34.64|33.57|1,373,475
02 Sept 2022|34.73|34.94|34.31|34.58|33.51|1,058,155
01 Sept 2022|35.15|35.57|34.68|34.68|33.61|1,659,129
31 Aug 2022|35.11|35.80|35.11|35.70|34.59|2,316,775
30 Aug 2022|35.30|35.53|35.02|35.30|34.21|1,486,236
29 Aug 2022|35.00|35.29|34.64|35.10|34.01|1,302,037
26 Aug 2022|36.01|36.24|35.65|35.96|34.85|1,035,840
25 Aug 2022|35.69|36.13|35.11|36.00|34.89|1,156,021
24 Aug 2022|35.49|36.05|35.44|35.59|34.49|1,654,892
23 Aug 2022|35.09|35.32|34.82|34.93|33.85|1,402,443
22 Aug 2022|36.01|36.16|35.11|35.38|34.28|1,165,566
19 Aug 2022|36.20|36.57|36.17|36.35|35.22|1,360,866
18 Aug 2022|36.60|36.67|36.11|36.25|35.13|1,373,026
17 Aug 2022|36.85|36.97|36.52|36.75|35.61|1,901,268
16 Aug 2022|35.65|36.41|35.50|36.32|35.20|1,962,612
15 Aug 2022|35.20|35.75|35.03|35.64|34.54|1,076,566
12 Aug 2022|34.70|35.06|34.57|34.86|33.78|3,206,924
11 Aug 2022|34.59|35.12|34.46|35.09|34.00|2,136,571
10 Aug 2022|34.28|34.80|33.99|34.11|33.05|1,781,023
09 Aug 2022|34.06|34.66|33.82|34.53|33.46|1,508,084
08 Aug 2022|34.79|34.90|33.93|34.06|33.01|1,966,205
05 Aug 2022|35.04|35.47|34.75|35.12|34.03|1,797,755
04 Aug 2022|35.21|35.77|34.90|35.12|34.03|3,014,077
03 Aug 2022|35.32|35.71|34.45|34.76|33.68|3,062,858
02 Aug 2022|35.12|35.45|34.84|35.32|34.23|2,274,146
01 Aug 2022|35.35|35.55|35.10|35.21|34.12|1,910,979
29 July 2022|36.40|36.40|35.26|35.30|34.21|1,999,143
28 July 2022|36.39|36.44|35.38|36.02|34.90|1,622,984
27 July 2022|35.38|36.02|35.31|35.95|34.84|1,072,751
26 July 2022|36.25|36.45|35.38|35.61|34.51|1,110,641
25 July 2022|35.92|36.77|35.92|36.26|35.14|1,493,639
22 July 2022|36.25|36.49|35.90|36.12|35.00|1,678,507
21 July 2022|36.27|36.58|36.04|36.29|35.17|1,690,271
20 July 2022|36.33|36.55|35.94|36.02|34.90|1,912,034
19 July 2022|36.52|36.57|35.47|35.59|34.49|1,455,907
18 July 2022|37.00|37.00|36.51|36.70|35.56|1,010,575
15 July 2022|36.25|36.61|35.96|36.49|35.36|1,809,712
14 July 2022|36.17|36.70|36.06|36.70|35.56|2,884,466
13 July 2022|35.68|36.16|35.35|36.06|34.94|1,571,366
12 July 2022|35.60|36.01|35.50|35.77|34.66|1,998,324
11 July 2022|36.59|36.67|35.42|35.58|34.48|1,298,327
08 July 2022|36.94|37.44|36.25|36.57|35.44|2,002,921
07 July 2022|36.17|36.46|35.93|36.46|35.33|2,377,408
06 July 2022|35.67|36.46|34.76|35.62|34.52|1,897,072
05 July 2022|34.88|34.98|34.55|34.81|33.73|972,329
04 July 2022|35.11|35.48|34.51|34.74|33.66|1,104,054
01 July 2022|34.75|35.10|34.39|34.45|33.38|1,349,186
30 June 2022|35.07|35.52|34.38|34.38|33.32|2,211,393
29 June 2022|34.18|35.41|33.87|35.14|34.05|2,071,417
28 June 2022|34.63|34.80|33.96|34.50|33.43|1,666,830
27 June 2022|34.30|34.95|34.30|34.80|33.72|1,640,941
24 June 2022|33.68|33.69|32.69|33.52|32.48|1,743,423
23 June 2022|33.45|33.98|33.01|33.06|32.04|1,656,517
22 June 2022|34.44|34.85|33.07|33.12|32.09|2,157,184
21 June 2022|33.73|34.29|33.43|34.29|33.23|1,852,290
20 June 2022|33.34|33.61|32.95|33.47|32.43|1,753,246
17 June 2022|32.00|32.99|31.18|32.76|31.75|6,660,958
16 June 2022|33.58|33.58|32.81|32.81|31.79|2,755,093
15 June 2022|34.41|34.75|33.00|33.01|31.99|2,551,449
14 June 2022|33.25|34.29|32.86|34.25|33.19|5,951,479
10 June 2022|34.33|34.79|34.10|34.79|33.71|3,246,584
09 June 2022|34.35|34.92|34.21|34.65|33.58|3,044,724
08 June 2022|33.87|34.42|33.66|34.32|33.26|3,590,538
07 June 2022|34.06|34.21|33.33|33.55|32.51|1,666,418
06 June 2022|33.61|34.38|33.57|33.91|32.86|847,677
03 June 2022|34.29|34.49|33.86|33.96|32.91|971,916
02 June 2022|33.31|34.27|33.26|33.81|32.76|1,602,330
01 June 2022|34.03|34.17|33.75|33.90|32.85|1,432,127
31 May 2022|34.72|34.86|33.79|33.79|32.74|2,574,193
30 May 2022|35.00|35.00|34.21|34.73|33.65|1,249,290
27 May 2022|34.54|34.83|34.24|34.63|33.56|1,491,834
26 May 2022|33.91|34.45|33.70|33.72|32.68|1,914,699
26 May 2022|0.26Dividend
25 May 2022|34.19|34.29|33.64|33.64|32.35|2,038,519
24 May 2022|35.94|35.94|34.25|34.40|33.08|2,188,512
23 May 2022|35.86|36.03|35.09|35.81|34.43|2,878,597
20 May 2022|34.08|35.41|34.01|35.17|33.82|3,672,810
19 May 2022|32.87|33.96|32.06|33.73|32.43|4,445,649
18 May 2022|31.56|31.82|31.03|31.60|30.39|1,865,724
17 May 2022|31.32|31.67|30.93|31.20|30.00|1,840,125
16 May 2022|31.85|32.59|31.65|31.65|30.43|1,790,489
13 May 2022|31.20|31.87|31.03|31.62|30.40|2,649,403
12 May 2022|31.14|31.43|30.51|30.58|29.40|1,928,845
11 May 2022|31.29|31.93|31.05|31.82|30.60|1,481,619
10 May 2022|30.88|31.35|30.46|31.31|30.11|1,926,174
09 May 2022|31.50|31.82|31.19|31.38|30.17|2,260,224
06 May 2022|32.78|32.89|32.10|32.14|30.90|2,710,639
05 May 2022|33.69|34.03|33.39|33.50|32.21|2,889,029
04 May 2022|33.67|33.67|33.19|33.30|32.02|908,097
03 May 2022|33.20|33.75|33.16|33.35|32.07|1,594,119
02 May 2022|33.40|33.40|32.90|33.16|31.89|1,776,081
29 Apr 2022|32.61|33.66|32.56|33.66|32.37|2,938,893
28 Apr 2022|32.28|32.91|32.06|32.30|31.06|1,630,801
27 Apr 2022|31.69|32.19|31.63|31.95|30.72|1,420,783
26 Apr 2022|31.82|32.65|31.82|32.35|31.11|2,812,677
22 Apr 2022|32.75|32.90|32.16|32.66|31.40|1,452,483
21 Apr 2022|33.36|33.39|33.02|33.16|31.89|1,110,083
20 Apr 2022|33.05|33.44|32.92|33.04|31.77|2,069,446
19 Apr 2022|33.18|33.46|32.77|32.85|31.59|1,641,096
14 Apr 2022|32.86|33.24|32.75|33.15|31.88|1,588,934
13 Apr 2022|32.89|33.16|32.66|32.69|31.43|1,917,718
12 Apr 2022|32.75|33.19|32.60|32.81|31.55|1,795,835
11 Apr 2022|33.07|33.40|32.81|32.93|31.66|1,607,406
08 Apr 2022|33.60|33.77|33.22|33.40|32.12|1,722,657
07 Apr 2022|33.11|33.64|32.66|33.41|32.13|5,235,730
06 Apr 2022|34.51|34.64|33.75|33.86|32.56|2,276,507
05 Apr 2022|35.50|35.94|34.98|35.19|33.84|1,817,203
04 Apr 2022|36.19|36.36|35.10|35.10|33.75|1,840,171
01 Apr 2022|36.40|36.70|36.17|36.19|34.80|1,280,174
31 Mar 2022|37.55|37.55|36.70|36.70|35.29|1,849,599
30 Mar 2022|37.27|37.53|37.07|37.47|36.03|1,879,553
29 Mar 2022|36.16|37.16|36.09|37.01|35.59|1,360,083
28 Mar 2022|36.50|36.65|36.08|36.09|34.70|1,102,190
25 Mar 2022|36.63|36.84|36.31|36.62|35.21|1,978,155
24 Mar 2022|35.86|36.50|35.82|36.30|34.90|1,344,798
23 Mar 2022|37.19|37.40|36.47|36.72|35.31|1,392,215
22 Mar 2022|37.40|37.40|36.87|36.87|35.45|1,357,087
21 Mar 2022|38.10|38.14|37.09|37.11|35.68|1,331,937
18 Mar 2022|37.90|38.12|37.34|37.84|36.39|3,185,116
17 Mar 2022|38.01|38.37|37.29|37.90|36.44|2,615,381
16 Mar 2022|36.20|37.15|36.06|37.15|35.72|2,046,940
15 Mar 2022|35.20|36.04|35.15|35.63|34.26|1,426,454
14 Mar 2022|34.76|35.59|34.65|35.40|34.04|1,322,468
11 Mar 2022|35.55|35.61|34.56|34.72|33.39|1,967,143
10 Mar 2022|35.60|36.59|35.30|36.10|34.71|2,378,068
09 Mar 2022|34.37|35.43|34.29|35.20|33.85|2,078,429
08 Mar 2022|33.67|34.50|33.31|33.84|32.54|2,608,297
07 Mar 2022|34.88|34.97|33.21|33.29|32.01|2,631,258
04 Mar 2022|35.70|36.24|35.23|35.50|34.14|2,742,796
03 Mar 2022|36.26|36.69|36.03|36.28|34.89|2,049,969
02 Mar 2022|36.82|36.96|35.48|36.44|35.04|3,744,605
01 Mar 2022|37.66|38.00|37.30|37.57|36.13|2,019,557
28 Feb 2022|36.92|37.74|36.72|37.27|35.84|1,721,513
25 Feb 2022|38.36|38.58|36.95|37.38|35.94|2,133,175
24 Feb 2022|38.03|38.16|36.42|36.70|35.29|2,703,743
23 Feb 2022|37.85|39.06|37.80|38.84|37.35|1,367,676
22 Feb 2022|38.42|39.12|37.87|38.22|36.75|1,303,494
21 Feb 2022|39.05|39.67|38.74|39.00|37.50|1,112,159
18 Feb 2022|39.65|40.15|39.54|39.84|38.31|1,004,909
17 Feb 2022|40.60|41.65|40.30|40.30|38.75|1,541,559
16 Feb 2022|40.71|41.05|40.38|40.98|39.40|1,229,296
15 Feb 2022|39.87|40.35|39.54|40.14|38.60|1,588,997
14 Feb 2022|40.01|40.53|39.87|40.23|38.68|1,555,796
11 Feb 2022|40.66|40.73|40.08|40.33|38.78|1,480,035
10 Feb 2022|41.06|41.51|40.48|40.81|39.24|2,284,517
09 Feb 2022|41.41|41.68|40.86|41.60|40.00|1,469,873
08 Feb 2022|41.06|41.95|40.79|41.48|39.89|2,131,109
07 Feb 2022|41.10|41.32|40.47|40.76|39.19|2,115,319
04 Feb 2022|40.55|41.41|40.50|41.40|39.81|1,610,570
03 Feb 2022|40.05|41.26|40.01|41.09|39.51|1,631,590
02 Feb 2022|41.13|41.64|40.78|41.29|39.70|947,891
01 Feb 2022|41.00|41.25|40.62|40.91|39.34|1,220,272
31 Jan 2022|39.93|40.50|39.49|40.35|38.80|1,410,634
28 Jan 2022|39.94|40.17|38.71|39.75|38.22|5,534,185
27 Jan 2022|38.68|40.79|38.02|38.62|37.14|2,943,927
25 Jan 2022|40.51|40.89|39.75|40.45|38.89|2,284,938
24 Jan 2022|39.40|41.55|38.78|41.05|39.47|1,424,506
21 Jan 2022|42.50|42.78|41.33|41.50|39.90|1,406,160
20 Jan 2022|42.15|43.29|42.08|42.96|41.31|1,018,811
19 Jan 2022|43.02|43.83|42.84|43.35|41.68|1,219,341
18 Jan 2022|44.94|45.00|43.95|44.01|42.32|744,917
17 Jan 2022|43.85|44.69|43.61|44.49|42.78|689,930
14 Jan 2022|43.31|43.98|43.24|43.41|41.74|794,043
13 Jan 2022|44.38|44.38|43.72|44.05|42.36|885,115
12 Jan 2022|44.58|44.64|43.90|44.15|42.45|1,032,183
11 Jan 2022|43.89|44.48|43.54|43.99|42.30|1,191,227
10 Jan 2022|43.98|44.17|43.34|43.92|42.23|568,853
07 Jan 2022|43.86|44.49|43.52|44.18|42.48|814,421
06 Jan 2022|44.00|44.25|42.80|43.25|41.59|1,427,710
05 Jan 2022|45.81|45.84|45.24|45.27|43.53|911,375
04 Jan 2022|44.00|45.50|43.62|45.39|43.64|817,204
31 Dec 2021|44.34|44.53|43.57|43.57|41.89|445,331
30 Dec 2021|44.96|44.97|44.21|44.28|42.58|521,671
29 Dec 2021|44.50|44.95|44.40|44.84|43.12|734,303
24 Dec 2021|44.28|44.50|43.99|44.15|42.45|375,224
23 Dec 2021|44.16|44.21|43.46|43.62|41.94|792,897
22 Dec 2021|43.82|44.12|42.94|43.68|42.00|935,811
21 Dec 2021|42.80|43.30|42.52|43.22|41.56|1,053,594
20 Dec 2021|42.98|43.07|42.35|42.89|41.24|988,683
17 Dec 2021|43.96|44.34|42.58|42.58|40.94|2,514,004
16 Dec 2021|43.72|44.17|43.38|43.80|42.12|1,834,335
15 Dec 2021|44.24|44.29|43.15|43.58|41.90|1,418,436
14 Dec 2021|44.54|44.73|44.08|44.24|42.54|1,270,313
13 Dec 2021|44.81|45.20|44.22|44.93|43.20|851,396
10 Dec 2021|44.70|44.91|44.42|44.67|42.95|846,552
09 Dec 2021|45.04|45.48|44.76|44.87|43.14|1,241,664
08 Dec 2021|45.50|45.52|44.24|45.18|43.44|1,527,853
07 Dec 2021|44.99|45.71|44.09|44.52|42.81|1,769,691
06 Dec 2021|43.17|43.83|42.93|43.68|42.00|1,337,536
03 Dec 2021|44.30|44.49|43.45|43.93|42.24|1,636,295
02 Dec 2021|42.50|43.96|42.15|43.77|42.09|1,344,443
01 Dec 2021|43.99|44.22|43.23|43.70|42.02|1,545,888
01 Dec 2021|0.26Dividend
30 Nov 2021|45.00|45.28|44.11|44.11|42.16|2,175,308
29 Nov 2021|44.03|44.96|43.98|44.59|42.62|1,442,741
26 Nov 2021|46.08|46.23|44.57|44.80|42.82|928,857
25 Nov 2021|46.12|46.26|45.39|46.09|44.06|2,400,398
24 Nov 2021|45.65|46.12|45.16|45.90|43.88|1,084,544
23 Nov 2021|45.18|45.76|44.89|45.61|43.60|865,695
22 Nov 2021|44.91|45.49|44.71|45.21|43.22|1,124,922
19 Nov 2021|44.85|45.35|44.20|44.90|42.92|2,038,406
18 Nov 2021|47.21|47.42|44.92|45.64|43.63|2,523,314
17 Nov 2021|47.36|47.98|46.83|47.35|45.26|1,250,524
16 Nov 2021|47.65|48.08|47.07|47.30|45.21|1,139,646
15 Nov 2021|47.40|47.82|47.29|47.72|45.61|1,042,734
12 Nov 2021|47.17|47.35|46.88|47.14|45.06|867,808
11 Nov 2021|47.36|47.79|46.64|47.11|45.03|860,699
10 Nov 2021|47.70|47.89|47.28|47.49|45.40|776,273
09 Nov 2021|47.41|47.85|46.81|47.58|45.48|1,033,912
08 Nov 2021|48.30|48.41|46.16|47.25|45.17|1,698,666
05 Nov 2021|48.44|48.53|47.88|48.28|46.15|1,139,715
04 Nov 2021|48.83|49.31|48.25|48.46|46.32|824,095
03 Nov 2021|49.45|49.65|48.54|48.64|46.49|1,035,641
02 Nov 2021|47.95|48.62|47.13|48.20|46.07|792,558
01 Nov 2021|46.40|47.77|46.21|47.45|45.36|1,419,010
29 Oct 2021|48.04|48.15|46.37|46.68|44.62|1,929,866
28 Oct 2021|48.46|48.63|47.61|47.96|45.84|1,158,451
27 Oct 2021|47.62|48.67|47.45|48.57|46.43|1,234,648
26 Oct 2021|47.51|47.68|47.11|47.58|45.48|1,250,526
25 Oct 2021|47.15|47.68|46.73|47.33|45.24|879,841
22 Oct 2021|47.20|47.66|46.75|47.12|45.04|1,220,440
21 Oct 2021|48.11|49.39|46.88|47.10|45.02|4,815,367
20 Oct 2021|45.61|45.61|45.61|45.61|43.60|-
19 Oct 2021|45.61|45.61|45.61|45.61|43.60|-
18 Oct 2021|45.61|45.61|45.61|45.61|43.60|-
15 Oct 2021|46.14|46.14|45.32|45.61|43.60|603,904
14 Oct 2021|44.91|45.57|44.86|45.39|43.39|671,161
13 Oct 2021|44.42|45.09|43.67|44.70|42.73|771,128
12 Oct 2021|43.87|44.84|43.86|44.53|42.57|1,246,003
11 Oct 2021|44.47|44.91|43.74|44.29|42.34|842,502
08 Oct 2021|45.41|45.58|44.37|44.98|43.00|1,074,986
07 Oct 2021|45.24|45.37|44.64|45.07|43.08|744,382
06 Oct 2021|45.66|45.67|44.53|44.80|42.82|1,185,205
05 Oct 2021|45.32|45.96|44.77|45.23|43.23|1,119,777
04 Oct 2021|45.50|46.30|45.45|45.88|43.85|959,535
01 Oct 2021|45.07|46.17|44.47|44.78|42.81|1,916,646
30 Sept 2021|45.89|46.99|45.75|46.76|44.70|1,957,286
29 Sept 2021|45.26|46.14|44.98|46.02|43.99|1,451,035
28 Sept 2021|45.87|46.14|45.02|45.76|43.74|1,173,295
27 Sept 2021|46.33|46.90|46.02|46.43|44.39|721,075
24 Sept 2021|46.73|46.96|46.09|46.20|44.17|845,035
23 Sept 2021|45.99|46.66|45.96|46.21|44.18|803,751
22 Sept 2021|45.43|45.94|45.26|45.62|43.60|992,060
21 Sept 2021|45.05|45.74|44.72|45.58|43.57|1,201,598
20 Sept 2021|45.00|46.31|44.73|44.98|43.00|1,646,237
17 Sept 2021|46.81|47.07|44.33|46.32|44.28|3,433,800
16 Sept 2021|47.37|47.81|46.78|47.05|44.98|1,781,442
15 Sept 2021|47.01|47.15|46.33|47.07|44.99|1,270,178
14 Sept 2021|48.59|48.59|46.91|47.23|45.15|1,443,579
13 Sept 2021|47.15|48.82|47.14|48.00|45.88|1,543,335
10 Sept 2021|47.01|47.68|46.42|46.65|44.60|1,260,745
09 Sept 2021|47.31|47.64|46.67|46.94|44.87|1,171,827
08 Sept 2021|47.26|47.76|47.14|47.41|45.32|1,327,572
07 Sept 2021|46.81|47.56|46.71|47.25|45.17|1,160,355
06 Sept 2021|45.52|46.52|45.21|46.47|44.42|1,114,518
03 Sept 2021|45.95|46.19|45.40|45.89|43.86|923,435
02 Sept 2021|45.69|46.24|45.25|45.85|43.82|1,120,299
01 Sept 2021|45.67|45.67|45.02|45.49|43.48|886,557
31 Aug 2021|45.14|45.77|44.92|45.49|43.48|1,502,607
30 Aug 2021|44.50|45.19|44.02|44.85|42.87|901,447
27 Aug 2021|45.32|45.45|44.04|44.31|42.36|1,202,200
26 Aug 2021|45.20|45.52|44.85|45.28|43.28|1,432,402
25 Aug 2021|45.41|45.55|44.79|45.41|43.40|1,269,697
24 Aug 2021|44.57|44.78|44.18|44.59|42.62|1,028,682
23 Aug 2021|43.63|44.41|43.46|44.16|42.21|1,046,976
20 Aug 2021|42.57|43.56|42.44|43.20|41.29|1,204,704
19 Aug 2021|42.28|42.60|42.09|42.46|40.59|821,099
18 Aug 2021|42.38|42.57|42.02|42.40|40.53|826,089
17 Aug 2021|42.20|42.53|41.66|41.84|40.00|722,696
16 Aug 2021|42.01|42.54|41.83|42.19|40.33|703,686
13 Aug 2021|41.80|42.41|41.66|42.27|40.41|734,163
12 Aug 2021|42.18|42.19|41.45|41.55|39.72|822,944
11 Aug 2021|42.59|42.69|41.66|41.80|39.96|1,123,609
10 Aug 2021|42.03|42.96|41.82|42.66|40.78|1,159,816
09 Aug 2021|42.03|42.32|41.75|41.83|39.99|816,829
06 Aug 2021|41.76|42.07|41.12|41.75|39.91|882,421
05 Aug 2021|40.84|42.06|40.56|41.91|40.06|1,186,106
04 Aug 2021|41.24|41.47|40.89|40.99|39.18|876,256
03 Aug 2021|40.85|41.46|40.85|41.39|39.57|819,665
02 Aug 2021|41.66|41.92|41.15|41.29|39.47|854,306
30 July 2021|42.03|42.03|41.46|41.47|39.64|1,146,805
29 July 2021|41.77|42.13|41.44|42.07|40.22|1,044,396
28 July 2021|41.04|41.65|41.04|41.53|39.70|1,328,166
27 July 2021|41.58|41.62|40.76|40.96|39.15|1,510,723
26 July 2021|41.50|41.66|41.29|41.33|39.51|872,596
23 July 2021|41.32|41.59|41.24|41.44|39.62|819,018
22 July 2021|41.36|41.54|40.76|41.37|39.55|849,007
21 July 2021|41.64|41.76|40.94|41.03|39.22|1,541,208
20 July 2021|41.23|41.78|41.09|41.29|39.47|1,064,991
19 July 2021|41.60|41.77|41.33|41.62|39.79|623,019
16 July 2021|41.86|42.26|41.77|42.19|40.33|787,399
15 July 2021|41.87|42.69|41.59|42.11|40.25|1,246,422
14 July 2021|41.35|42.06|40.98|41.78|39.94|1,308,766
13 July 2021|41.82|41.95|41.23|41.35|39.53|2,352,651
12 July 2021|41.88|42.06|41.59|41.68|39.84|571,158
09 July 2021|41.35|41.71|41.07|41.53|39.70|1,821,167
08 July 2021|42.48|42.67|41.63|41.94|40.09|779,116
07 July 2021|41.59|42.46|41.59|42.30|40.43|964,216
06 July 2021|42.17|42.62|41.75|41.79|39.95|763,027
05 July 2021|42.45|42.61|41.99|42.08|40.23|663,592
02 July 2021|42.11|42.43|41.80|42.40|40.53|1,358,578
01 July 2021|43.01|43.06|41.85|41.92|40.07|1,527,762
30 June 2021|42.93|43.42|42.42|42.92|41.02|942,808
29 June 2021|42.73|43.04|42.30|42.93|41.03|701,735
28 June 2021|42.90|42.98|42.49|42.76|40.87|1,106,381
25 June 2021|42.89|43.23|42.53|42.93|41.03|1,327,917
24 June 2021|42.25|42.80|42.16|42.34|40.47|1,460,467
23 June 2021|43.00|43.00|42.56|42.61|40.73|880,490
22 June 2021|42.38|42.97|42.31|42.83|40.94|1,134,541
21 June 2021|42.05|42.23|41.43|42.00|40.15|987,940
18 June 2021|41.67|42.99|41.54|42.73|40.84|2,510,151
17 June 2021|40.50|41.41|40.35|41.10|39.28|1,844,544
16 June 2021|40.84|40.94|40.58|40.91|39.10|1,096,766
15 June 2021|41.08|41.33|40.53|40.95|39.14|1,035,249
11 June 2021|40.76|40.86|40.22|40.54|38.75|521,615
10 June 2021|40.34|41.06|40.16|40.76|38.96|955,685
09 June 2021|40.87|41.23|40.58|40.64|38.84|816,506
08 June 2021|40.51|40.93|40.39|40.68|38.88|1,046,162
07 June 2021|40.89|40.89|40.11|40.39|38.61|608,464
04 June 2021|40.18|40.89|39.95|40.79|38.99|953,360
03 June 2021|41.23|41.43|40.32|40.51|38.72|1,201,444
02 June 2021|40.73|41.25|40.53|41.15|39.33|1,319,741
01 June 2021|40.72|41.08|40.30|40.79|38.99|1,080,650
31 May 2021|41.82|41.82|40.62|40.89|39.08|1,250,610
28 May 2021|41.58|41.93|41.27|41.74|39.90|4,490,284
28 May 2021|0.149401Dividend
27 May 2021|41.19|41.43|41.00|41.36|39.40|2,264,378
26 May 2021|40.95|41.18|40.85|40.90|38.95|1,519,312
25 May 2021|41.34|41.58|40.58|40.97|39.02|1,543,682
24 May 2021|40.58|41.12|40.06|40.54|38.61|1,078,091
21 May 2021|40.95|41.27|40.19|40.49|38.56|1,660,378
20 May 2021|39.44|40.81|39.23|40.36|38.44|1,891,146
19 May 2021|39.86|39.93|39.06|39.48|37.60|1,726,725
18 May 2021|39.66|40.52|38.84|40.11|38.20|1,966,778
17 May 2021|39.34|40.70|38.45|38.76|36.92|1,593,304
14 May 2021|36.95|37.31|36.63|37.19|35.42|825,957
13 May 2021|36.89|37.12|36.23|36.41|34.68|1,049,545
12 May 2021|37.54|37.97|37.25|37.53|35.74|924,586
11 May 2021|37.36|37.84|37.08|37.70|35.91|1,151,993
10 May 2021|37.46|38.17|37.35|37.85|36.05|777,617
07 May 2021|37.44|37.74|37.29|37.48|35.70|689,655
06 May 2021|37.61|37.79|37.13|37.56|35.77|938,833
05 May 2021|37.22|37.91|36.96|37.60|35.81|905,404
04 May 2021|37.23|37.62|37.06|37.56|35.77|728,772
03 May 2021|36.90|37.32|36.82|37.19|35.42|746,294
30 Apr 2021|37.32|37.45|36.66|37.02|35.26|1,250,378
29 Apr 2021|37.65|37.97|37.20|37.29|35.52|1,131,279
28 Apr 2021|37.33|37.62|36.75|37.31|35.54|1,178,060
27 Apr 2021|36.85|37.05|36.61|36.94|35.18|677,780
26 Apr 2021|36.78|36.93|36.38|36.70|34.96|476,962
23 Apr 2021|36.86|37.20|36.33|36.55|34.81|735,557
22 Apr 2021|36.26|36.77|36.14|36.71|34.97|1,022,197
21 Apr 2021|35.61|36.19|35.32|36.08|34.36|1,113,076
20 Apr 2021|36.31|36.66|35.98|36.20|34.48|1,044,945
19 Apr 2021|36.99|37.10|36.61|36.76|35.01|583,925
16 Apr 2021|36.99|37.36|36.71|36.97|35.21|953,342
15 Apr 2021|36.49|37.33|35.99|37.02|35.26|1,017,469
14 Apr 2021|36.44|37.05|36.14|36.58|34.84|1,092,279
13 Apr 2021|36.28|36.35|35.85|36.19|34.46|898,153
12 Apr 2021|36.49|36.55|35.95|36.15|34.43|989,870
09 Apr 2021|36.56|36.65|36.08|36.64|34.90|796,810
08 Apr 2021|36.33|36.92|35.80|36.54|34.81|1,366,804
07 Apr 2021|35.32|35.81|35.19|35.71|34.01|1,329,482
06 Apr 2021|35.25|35.35|34.91|35.08|33.41|918,169
01 Apr 2021|34.37|34.75|34.13|34.61|32.97|1,029,153
31 Mar 2021|34.09|34.84|33.96|34.21|32.59|2,269,081
30 Mar 2021|34.34|34.63|33.43|33.48|31.88|1,240,732
29 Mar 2021|35.00|35.06|34.23|34.38|32.75|868,734
26 Mar 2021|35.29|35.70|34.86|34.94|33.28|1,212,180
25 Mar 2021|34.37|35.24|34.36|35.07|33.40|1,327,196
24 Mar 2021|33.94|34.94|33.94|34.67|33.02|1,134,272
23 Mar 2021|34.31|34.34|33.69|34.02|32.41|963,854
22 Mar 2021|34.12|34.88|33.93|34.36|32.73|1,714,857
19 Mar 2021|34.05|34.21|33.59|33.86|32.25|2,363,126
18 Mar 2021|34.58|34.90|34.22|34.43|32.79|1,765,766
17 Mar 2021|34.28|34.69|34.11|34.60|32.96|1,387,897
16 Mar 2021|34.56|34.88|34.11|34.54|32.90|1,385,197
15 Mar 2021|34.15|34.45|33.73|34.38|32.75|1,050,573
12 Mar 2021|34.16|34.72|34.09|34.34|32.71|1,314,218
11 Mar 2021|33.25|34.17|33.25|33.71|32.11|2,240,466
10 Mar 2021|32.17|33.35|32.17|32.90|31.33|1,386,125
09 Mar 2021|32.52|32.84|31.84|32.16|30.63|1,663,456
08 Mar 2021|31.87|32.67|31.73|31.96|30.44|1,531,113
05 Mar 2021|31.70|31.91|30.89|31.13|29.64|1,662,216
04 Mar 2021|30.38|31.49|30.38|31.32|29.83|1,924,348
03 Mar 2021|30.19|31.25|30.19|30.62|29.16|1,677,671
02 Mar 2021|30.95|31.13|30.60|30.65|29.19|2,383,955
01 Mar 2021|29.80|30.86|29.68|30.60|29.14|2,364,532
26 Feb 2021|30.43|30.85|30.24|30.24|28.80|2,464,662
25 Feb 2021|32.00|32.65|31.49|31.70|30.19|2,276,520
24 Feb 2021|32.55|32.91|32.16|32.23|30.70|925,557
23 Feb 2021|31.87|32.47|31.67|32.39|30.85|1,225,313
22 Feb 2021|32.46|32.66|31.97|32.32|30.78|956,342
19 Feb 2021|32.99|33.17|32.49|32.67|31.12|1,188,845
18 Feb 2021|33.53|33.62|33.07|33.31|31.72|1,012,309
17 Feb 2021|33.38|33.42|32.66|33.21|31.63|1,020,199
16 Feb 2021|33.20|33.48|33.00|33.42|31.83|785,294
15 Feb 2021|32.94|33.63|32.94|33.40|31.81|967,708
12 Feb 2021|32.95|33.22|32.87|32.94|31.37|996,034
11 Feb 2021|32.43|33.37|32.39|33.12|31.54|1,510,220
10 Feb 2021|33.12|33.58|32.87|33.43|31.84|1,225,913
09 Feb 2021|34.03|34.06|33.21|33.21|31.63|1,486,264
08 Feb 2021|33.67|34.35|33.42|34.15|32.53|1,049,581
05 Feb 2021|32.81|33.63|32.62|33.42|31.83|1,515,412
04 Feb 2021|32.98|33.01|32.02|32.08|30.56|1,086,524
03 Feb 2021|32.55|33.10|32.42|32.77|31.21|1,884,801
02 Feb 2021|31.77|32.74|31.51|32.49|30.94|2,310,912
01 Feb 2021|30.72|31.76|30.54|31.55|30.05|1,508,694
29 Jan 2021|30.88|31.36|30.71|30.94|29.46|2,444,180
28 Jan 2021|30.11|30.57|29.84|30.22|28.78|2,276,190
27 Jan 2021|30.74|30.96|30.17|30.53|29.08|2,467,657
25 Jan 2021|30.76|31.18|30.52|31.03|29.55|1,372,778
22 Jan 2021|31.47|31.60|30.99|31.13|29.64|1,600,304
21 Jan 2021|30.54|31.42|30.54|31.24|29.76|1,676,314
20 Jan 2021|29.28|30.68|29.24|30.45|29.00|1,816,757
19 Jan 2021|28.86|29.18|28.48|29.18|27.79|2,450,719
18 Jan 2021|29.68|29.78|28.79|29.26|27.87|1,456,010
15 Jan 2021|30.88|31.13|29.78|29.78|28.36|1,447,166
14 Jan 2021|31.01|31.25|30.66|31.00|29.52|1,430,704
13 Jan 2021|31.40|31.52|30.90|31.29|29.81|735,346
12 Jan 2021|31.51|31.98|31.12|31.22|29.74|1,192,267
11 Jan 2021|31.57|31.79|31.27|31.41|29.92|1,043,181
08 Jan 2021|30.79|31.70|30.71|31.57|30.07|1,037,577
07 Jan 2021|30.81|30.83|30.40|30.70|29.24|2,598,871
06 Jan 2021|30.82|30.99|30.22|30.37|28.92|1,645,657
05 Jan 2021|30.88|31.01|30.52|30.86|29.39|1,439,676
04 Jan 2021|30.89|31.37|30.89|31.26|29.78|465,971
31 Dec 2020|31.37|31.66|30.88|30.88|29.41|526,725
30 Dec 2020|31.47|31.67|30.92|31.53|30.03|790,372
29 Dec 2020|32.01|32.19|31.52|31.69|30.19|690,000
24 Dec 2020|31.32|31.98|31.30|31.73|30.22|668,561
23 Dec 2020|30.66|31.41|30.66|31.11|29.63|20,101,309
22 Dec 2020|30.73|30.92|30.46|30.51|29.06|1,405,861
21 Dec 2020|30.18|30.69|29.95|30.58|29.12|1,450,186
18 Dec 2020|30.48|30.59|30.22|30.34|28.90|2,393,871
17 Dec 2020|30.65|30.66|30.10|30.43|28.98|2,575,536
16 Dec 2020|30.73|30.87|30.24|30.37|28.92|1,822,133
15 Dec 2020|29.75|30.50|29.61|30.26|28.82|1,503,708
14 Dec 2020|29.70|30.29|29.59|29.89|28.47|1,718,160
11 Dec 2020|29.92|30.36|29.67|30.00|28.57|1,834,402
10 Dec 2020|31.11|31.14|30.17|30.41|28.96|2,167,990
09 Dec 2020|31.45|31.60|31.12|31.19|29.70|1,259,471
08 Dec 2020|31.62|31.71|31.15|31.25|29.77|1,700,568
07 Dec 2020|32.32|32.32|31.54|31.64|30.14|1,047,372
04 Dec 2020|31.68|32.04|31.12|31.71|30.20|1,187,905
03 Dec 2020|32.03|32.64|31.48|31.54|30.04|1,935,745
02 Dec 2020|32.55|32.63|31.58|32.07|30.55|1,411,671
01 Dec 2020|31.91|32.63|31.54|32.39|30.85|1,836,145
01 Dec 2020|0.099601Dividend
30 Nov 2020|33.25|33.38|31.81|31.93|30.32|3,604,103
27 Nov 2020|33.40|33.56|33.05|33.05|31.38|1,166,419
26 Nov 2020|34.37|34.44|33.41|33.64|31.94|1,336,354
25 Nov 2020|34.31|34.50|34.04|34.23|32.50|1,474,966
24 Nov 2020|33.60|33.90|33.40|33.75|32.05|1,232,628
23 Nov 2020|34.04|34.18|33.46|33.52|31.82|1,160,442
20 Nov 2020|34.60|34.73|33.54|33.82|32.12|2,111,904
19 Nov 2020|34.86|35.07|34.31|34.45|32.71|2,065,076
18 Nov 2020|31.13|34.61|31.00|34.45|32.71|2,639,761
17 Nov 2020|32.77|33.40|32.45|33.18|31.50|2,186,862
16 Nov 2020|33.17|33.17|32.41|32.48|30.84|137,741
13 Nov 2020|31.95|32.31|31.68|32.31|30.68|2,080,782
12 Nov 2020|33.37|33.51|32.18|32.42|30.78|2,219,452
11 Nov 2020|32.94|33.40|32.67|33.01|31.34|2,090,683
10 Nov 2020|33.25|33.64|32.49|32.60|30.95|2,943,924
09 Nov 2020|31.84|32.57|31.79|32.47|30.83|1,026,671
06 Nov 2020|32.30|32.42|31.44|31.54|29.95|1,281,350
05 Nov 2020|30.95|31.92|30.80|31.78|30.18|2,011,118
04 Nov 2020|29.53|30.90|29.35|30.69|29.14|1,826,787
03 Nov 2020|28.71|29.80|28.44|29.65|28.15|2,149,240
02 Nov 2020|28.39|28.73|28.38|28.55|27.10|1,757,064
30 Oct 2020|29.28|29.87|28.42|28.52|27.07|2,418,090
29 Oct 2020|29.72|29.90|29.32|29.50|28.01|1,702,697
28 Oct 2020|29.89|30.58|29.78|30.19|28.66|1,610,151
27 Oct 2020|30.98|31.11|29.98|30.05|28.53|1,648,142
26 Oct 2020|32.14|32.58|31.46|31.54|29.95|842,877
23 Oct 2020|31.78|32.24|31.57|32.08|30.46|1,316,382
22 Oct 2020|30.61|31.66|30.61|31.39|29.81|1,547,744
21 Oct 2020|30.77|31.53|30.53|31.38|29.80|1,234,796
20 Oct 2020|30.57|30.97|30.39|30.79|29.23|981,149
19 Oct 2020|30.92|31.11|30.45|30.84|29.28|1,133,792
16 Oct 2020|31.32|31.37|30.51|30.61|29.06|1,150,667
15 Oct 2020|31.35|31.55|30.87|31.27|29.69|1,117,517
14 Oct 2020|30.88|31.28|30.71|31.08|29.51|1,277,817
13 Oct 2020|30.91|31.21|30.68|30.97|29.40|1,132,377
12 Oct 2020|30.73|30.91|30.29|30.73|29.17|1,468,860
09 Oct 2020|30.82|31.07|30.57|30.69|29.14|906,264
08 Oct 2020|30.91|31.11|30.70|30.82|29.26|1,904,168
07 Oct 2020|30.65|31.20|30.62|30.98|29.41|1,401,599
06 Oct 2020|30.76|31.08|30.41|30.62|29.07|1,026,043
05 Oct 2020|30.60|30.85|30.31|30.63|29.08|1,258,022
02 Oct 2020|30.10|30.29|29.50|29.70|28.20|1,515,452
01 Oct 2020|30.14|30.79|30.06|30.40|28.86|1,175,855
30 Sept 2020|30.07|30.40|29.73|29.85|28.34|4,007,331
29 Sept 2020|30.88|31.14|30.42|30.56|29.01|1,429,497
28 Sept 2020|30.38|30.75|30.17|30.64|29.09|1,335,225
25 Sept 2020|29.90|30.38|29.88|30.29|28.76|1,793,035
24 Sept 2020|30.27|30.46|29.61|29.80|28.29|1,821,695
23 Sept 2020|29.86|30.56|29.73|30.52|28.98|2,662,922
22 Sept 2020|28.89|29.57|28.89|29.03|27.57|1,818,193
21 Sept 2020|29.20|29.61|28.88|29.22|27.75|2,308,485
18 Sept 2020|29.04|29.35|28.88|29.28|27.80|2,806,722
17 Sept 2020|29.06|29.36|28.63|28.75|27.30|1,944,111
16 Sept 2020|28.49|29.16|28.46|29.10|27.63|1,675,936
15 Sept 2020|28.88|28.98|28.06|28.18|26.75|2,216,766
14 Sept 2020|28.46|28.71|28.36|28.71|27.26|1,198,028
11 Sept 2020|28.42|28.69|28.26|28.38|26.94|1,303,769
10 Sept 2020|28.78|29.18|28.57|28.72|27.27|1,755,977
09 Sept 2020|28.24|28.73|28.13|28.50|27.06|1,703,489
08 Sept 2020|29.32|29.43|28.78|29.22|27.75|2,365,760
07 Sept 2020|28.74|29.14|28.48|28.93|27.47|1,280,819
04 Sept 2020|28.51|29.10|28.21|28.94|27.48|2,184,846
03 Sept 2020|29.26|29.69|29.06|29.56|28.07|2,229,382
02 Sept 2020|27.78|28.96|27.64|28.79|27.34|2,094,735
01 Sept 2020|27.80|28.07|27.33|27.56|26.17|1,903,127
31 Aug 2020|28.51|28.95|28.18|28.26|26.83|1,424,957
28 Aug 2020|28.59|29.07|28.27|28.63|27.18|1,702,750
27 Aug 2020|28.69|29.41|28.61|29.12|27.65|1,655,225
26 Aug 2020|28.71|28.77|28.41|28.65|27.20|1,459,468
25 Aug 2020|28.86|29.04|28.44|28.88|27.42|1,509,823
24 Aug 2020|28.69|28.72|28.34|28.48|27.04|1,644,158
21 Aug 2020|28.39|28.62|27.96|28.25|26.82|1,165,343
20 Aug 2020|27.78|28.07|27.51|28.04|26.62|1,246,480
19 Aug 2020|27.93|28.28|27.82|28.14|26.72|1,293,179
18 Aug 2020|27.58|28.06|27.40|27.91|26.50|1,275,796
17 Aug 2020|27.83|28.09|27.20|27.37|25.99|1,657,205
14 Aug 2020|28.13|28.45|27.92|28.17|26.74|1,738,211
13 Aug 2020|28.09|28.26|27.69|27.89|26.48|2,169,024
12 Aug 2020|28.59|28.86|27.51|27.80|26.39|2,372,802
11 Aug 2020|28.65|29.16|28.54|28.68|27.23|2,403,173
10 Aug 2020|27.89|29.13|27.78|28.70|27.24|2,162,236
07 Aug 2020|27.16|27.70|26.97|27.56|26.17|1,192,149
06 Aug 2020|27.30|27.82|26.96|27.26|25.88|1,596,749
05 Aug 2020|27.40|27.55|26.69|26.85|25.50|1,940,456
04 Aug 2020|26.39|27.61|26.20|27.49|26.10|2,682,931
03 Aug 2020|25.70|25.88|25.34|25.70|24.40|1,581,776
31 July 2020|25.93|26.13|25.67|26.08|24.76|1,972,936
30 July 2020|26.15|26.58|25.95|26.05|24.73|2,221,471
29 July 2020|25.10|25.88|24.72|25.73|24.43|2,600,137
28 July 2020|26.40|26.52|25.42|25.55|24.26|2,229,332
27 July 2020|25.62|26.45|25.51|26.33|25.00|1,869,819
24 July 2020|26.10|26.17|25.77|25.89|24.58|1,903,755
23 July 2020|26.39|26.51|26.06|26.47|25.14|1,418,846
22 July 2020|26.69|26.75|26.14|26.55|25.21|1,873,584
21 July 2020|25.42|26.73|25.42|26.69|25.34|2,637,788
20 July 2020|25.77|25.82|25.22|25.29|24.01|1,087,550
17 July 2020|25.78|25.93|25.50|25.81|24.50|2,278,804
16 July 2020|26.22|26.25|25.54|25.74|24.44|2,831,943
15 July 2020|25.40|26.17|25.15|26.14|24.81|2,842,429
14 July 2020|24.21|25.11|24.16|24.99|23.73|3,005,674
13 July 2020|24.79|24.79|24.22|24.38|23.15|1,603,904
10 July 2020|24.60|24.62|24.03|24.08|22.87|2,112,055
09 July 2020|25.35|25.39|24.67|24.70|23.45|3,532,154
08 July 2020|25.38|25.41|24.94|24.95|23.69|3,668,968
07 July 2020|26.38|26.57|25.78|25.89|24.58|2,007,367
06 July 2020|26.59|26.82|26.00|26.00|24.68|1,579,500
03 July 2020|26.76|27.05|26.24|26.46|25.13|1,319,122
02 July 2020|25.59|26.75|25.41|26.66|25.32|7,968,941
01 July 2020|25.30|25.39|24.83|25.26|23.98|3,401,548
30 June 2020|25.45|25.71|25.18|25.40|24.11|2,501,482
29 June 2020|24.92|25.12|24.26|24.71|23.46|2,697,688
26 June 2020|25.16|25.53|25.03|25.50|24.21|1,766,748
25 June 2020|25.40|25.58|24.95|25.21|23.94|4,614,509
24 June 2020|26.25|26.61|26.06|26.09|24.77|3,289,259
23 June 2020|26.58|26.58|25.69|26.27|24.95|2,102,349
22 June 2020|26.10|26.23|25.68|26.10|24.78|2,580,244
19 June 2020|26.59|27.05|26.45|26.77|25.42|3,783,762
18 June 2020|27.12|27.12|26.20|26.38|25.05|3,328,046
17 June 2020|26.99|27.14|26.28|26.99|25.63|5,373,892
16 June 2020|25.89|27.24|25.78|26.91|25.55|3,221,275
15 June 2020|25.70|26.02|24.81|24.81|23.56|2,960,046
12 June 2020|25.17|26.01|24.75|25.69|24.39|3,080,329
11 June 2020|27.15|27.39|26.38|26.48|25.15|2,925,651
10 June 2020|27.56|28.18|27.27|27.94|26.53|3,477,293
09 June 2020|27.99|28.58|27.89|27.99|26.57|3,733,177
05 June 2020|27.28|27.49|26.75|27.06|25.69|1,913,942
04 June 2020|27.38|27.58|26.75|27.07|25.70|2,275,042
03 June 2020|26.69|26.85|26.20|26.81|25.46|2,389,078
02 June 2020|26.58|26.71|26.21|26.40|25.07|1,484,775
01 June 2020|25.51|26.37|25.51|26.37|25.04|2,032,492
29 May 2020|26.34|26.44|25.62|25.62|24.32|3,969,865
28 May 2020|27.32|27.38|26.67|26.73|25.38|2,306,522
27 May 2020|26.86|27.58|26.47|26.61|25.27|2,951,944
26 May 2020|26.06|26.56|25.98|26.53|25.19|2,371,857
25 May 2020|25.59|26.20|25.44|25.75|24.45|2,648,692
22 May 2020|25.50|26.66|25.35|25.42|24.13|3,854,311
21 May 2020|25.88|26.74|25.15|25.87|24.56|11,963,013
20 May 2020|26.49|27.47|26.48|27.23|25.85|2,545,759
19 May 2020|27.33|27.33|26.21|26.69|25.34|2,650,528
18 May 2020|25.77|26.46|25.54|25.78|24.47|2,266,451
15 May 2020|25.41|25.61|24.73|25.12|23.85|2,088,385
14 May 2020|25.53|25.96|25.12|25.37|24.09|3,007,214
13 May 2020|25.17|26.05|25.11|25.88|24.57|4,252,820
12 May 2020|25.30|25.80|25.20|25.48|24.19|2,451,006
11 May 2020|25.29|25.76|24.91|25.32|24.04|1,652,768
08 May 2020|25.32|25.46|24.71|24.88|23.62|3,013,229
07 May 2020|24.13|25.12|24.03|24.90|23.64|5,089,643
06 May 2020|24.77|24.82|24.32|24.47|23.24|2,794,320
05 May 2020|23.80|24.60|23.66|24.60|23.36|1,425,262
04 May 2020|23.45|24.18|23.34|23.97|22.76|1,935,102
01 May 2020|24.84|24.89|23.66|24.00|22.79|2,854,120
30 Apr 2020|24.90|25.78|24.48|25.39|24.11|4,822,395
29 Apr 2020|22.66|23.96|22.28|23.86|22.66|3,135,914
28 Apr 2020|22.41|23.19|22.26|22.89|21.73|4,307,860
27 Apr 2020|21.74|22.03|21.24|21.97|20.86|2,563,536
24 Apr 2020|21.42|21.94|21.38|21.57|20.48|1,887,150
23 Apr 2020|22.31|22.71|21.53|21.82|20.72|4,106,598
22 Apr 2020|21.69|21.88|20.78|21.51|20.43|4,635,353
21 Apr 2020|23.02|23.24|22.28|22.28|21.15|2,568,735
20 Apr 2020|23.32|24.15|23.18|23.27|22.09|3,832,597
17 Apr 2020|23.06|24.12|22.99|23.51|22.32|2,612,564
16 Apr 2020|23.01|23.31|22.17|22.41|21.28|4,536,972
15 Apr 2020|23.27|24.12|23.07|23.88|22.68|4,099,240
14 Apr 2020|22.90|23.29|22.16|22.98|21.82|3,330,198
09 Apr 2020|22.61|23.15|22.02|22.81|21.66|2,177,041
08 Apr 2020|21.56|22.62|21.13|21.78|20.68|2,382,039
07 Apr 2020|21.83|22.66|21.30|21.66|20.57|3,890,548
06 Apr 2020|20.64|21.05|20.45|20.56|19.52|2,742,421
03 Apr 2020|21.22|21.41|20.47|20.60|19.56|4,328,123
02 Apr 2020|20.92|21.59|20.35|21.41|20.33|4,999,402
01 Apr 2020|22.29|22.88|21.07|21.69|20.60|3,230,399
31 Mar 2020|21.91|24.08|21.13|21.26|20.19|6,152,152
30 Mar 2020|19.67|22.13|19.62|21.50|20.42|3,736,454
27 Mar 2020|21.11|22.38|19.79|20.09|19.07|5,312,939
26 Mar 2020|20.44|21.57|19.73|20.37|19.34|4,781,210
25 Mar 2020|20.42|21.03|18.27|20.81|19.76|6,161,463
24 Mar 2020|15.18|18.46|14.75|17.02|16.16|6,776,356
23 Mar 2020|15.78|16.18|15.33|15.38|14.60|5,405,941
20 Mar 2020|18.62|19.18|17.47|17.47|16.59|13,392,653
19 Mar 2020|18.46|19.40|17.49|17.93|17.02|6,464,285
18 Mar 2020|20.29|21.20|17.21|18.93|17.98|7,024,569
17 Mar 2020|20.02|22.88|19.86|21.23|20.16|7,690,830
16 Mar 2020|24.40|24.70|20.64|22.15|21.03|9,086,124
13 Mar 2020|23.44|27.80|22.06|27.80|26.39|6,577,583
12 Mar 2020|28.07|28.31|24.89|25.54|24.25|6,096,566
11 Mar 2020|30.16|30.73|28.61|28.88|27.42|2,847,428
10 Mar 2020|27.80|29.78|27.44|29.78|28.28|4,666,924
09 Mar 2020|29.40|30.36|28.70|28.70|27.24|4,263,939
06 Mar 2020|32.62|32.93|31.75|31.79|30.19|3,009,421
05 Mar 2020|33.87|34.11|33.31|33.57|31.87|3,149,910
04 Mar 2020|33.08|33.35|32.65|33.14|31.46|4,375,257
03 Mar 2020|33.42|33.85|33.26|33.41|31.72|4,095,983
02 Mar 2020|32.37|32.63|31.67|32.24|30.61|3,370,218
28 Feb 2020|31.87|33.29|31.75|32.98|31.31|3,681,607
27 Feb 2020|34.87|35.33|33.21|33.62|31.92|2,923,685
26 Feb 2020|35.16|35.58|34.74|34.88|33.12|3,288,858
25 Feb 2020|34.99|36.30|34.99|35.85|34.03|2,081,745
24 Feb 2020|36.21|36.54|35.54|36.43|34.59|1,035,396
21 Feb 2020|37.82|37.84|37.12|37.28|35.40|1,156,890
20 Feb 2020|37.75|38.08|37.31|37.54|35.64|1,550,423
19 Feb 2020|36.67|37.32|36.47|37.22|35.34|1,891,965
18 Feb 2020|36.65|36.80|36.19|36.45|34.61|1,034,908
17 Feb 2020|36.91|37.05|36.83|36.90|35.04|488,980
14 Feb 2020|37.35|37.35|36.79|37.00|35.13|3,076,954
13 Feb 2020|37.40|37.45|36.97|37.29|35.41|1,153,828
12 Feb 2020|36.96|37.13|36.85|37.03|35.16|2,343,190
11 Feb 2020|36.82|37.14|36.61|36.80|34.94|994,719
10 Feb 2020|36.65|36.68|36.28|36.50|34.66|580,335
07 Feb 2020|37.05|37.07|36.40|36.44|34.60|1,169,837
06 Feb 2020|36.85|37.11|36.64|37.11|35.24|1,645,657
05 Feb 2020|36.48|36.78|36.29|36.69|34.84|1,855,803
04 Feb 2020|35.22|36.18|35.22|36.05|34.22|935,425
03 Feb 2020|35.24|35.77|35.20|35.45|33.66|1,516,567
31 Jan 2020|35.66|36.20|35.66|36.06|34.23|1,677,302
30 Jan 2020|35.74|35.78|35.44|35.63|33.83|1,469,509
29 Jan 2020|35.59|35.76|35.15|35.60|33.80|1,455,222
28 Jan 2020|35.21|35.71|34.69|35.57|33.77|1,812,549
24 Jan 2020|36.85|36.85|36.45|36.49|34.65|1,016,515
23 Jan 2020|36.74|36.80|36.40|36.75|34.90|1,230,718
22 Jan 2020|37.15|37.20|36.66|36.93|35.07|1,420,859
21 Jan 2020|36.65|36.85|36.26|36.37|34.54|1,014,721
20 Jan 2020|36.80|36.96|36.49|36.82|34.96|839,148
17 Jan 2020|37.43|37.43|36.61|36.83|34.97|1,472,084
16 Jan 2020|36.54|36.71|36.11|36.69|34.84|1,822,881
15 Jan 2020|35.76|36.02|35.50|35.86|34.04|1,199,208
14 Jan 2020|35.59|35.82|35.44|35.53|33.73|1,133,500
13 Jan 2020|35.00|35.61|34.93|35.52|33.72|884,068
10 Jan 2020|35.10|35.33|35.00|35.19|33.41|1,391,580
09 Jan 2020|34.59|35.23|34.34|34.88|33.12|1,247,064
08 Jan 2020|34.22|34.31|33.37|34.06|32.34|1,051,586
07 Jan 2020|34.47|34.68|34.14|34.21|32.48|842,747
06 Jan 2020|33.50|34.17|33.14|34.12|32.40|1,169,865
03 Jan 2020|34.21|34.53|33.58|33.67|31.96|765,936
02 Jan 2020|33.37|34.15|33.36|34.06|32.34|536,987
31 Dec 2019|33.96|34.18|33.54|33.54|31.84|877,160
*Close price adjusted for splits.**Close price adjusted for splits and dividend and/or capital gain distributions.
