Date|Open|High|Low|Close*|Adj. close**|Volume
20 Sept 2024|11.73|11.84|11.67|11.69|11.69|1,404,520
19 Sept 2024|11.59|11.69|11.49|11.68|11.68|3,344,099
18 Sept 2024|11.50|11.56|11.41|11.50|11.50|1,863,252
17 Sept 2024|11.43|11.52|11.39|11.45|11.45|2,171,814
16 Sept 2024|11.64|11.70|11.37|11.39|11.39|1,747,376
13 Sept 2024|11.78|11.80|11.55|11.58|11.58|2,658,250
12 Sept 2024|11.68|11.79|11.62|11.74|11.74|2,130,716
11 Sept 2024|11.60|11.68|11.54|11.59|11.59|2,937,658
10 Sept 2024|11.54|11.69|11.50|11.59|11.59|2,458,068
09 Sept 2024|11.48|11.53|11.35|11.47|11.47|2,411,236
06 Sept 2024|11.50|11.69|11.48|11.53|11.53|2,980,768
05 Sept 2024|11.56|11.57|11.43|11.56|11.56|3,739,097
04 Sept 2024|11.62|11.67|11.46|11.56|11.56|2,868,290
03 Sept 2024|11.51|11.71|11.43|11.70|11.70|2,970,568
02 Sept 2024|11.58|11.68|11.49|11.67|11.67|1,913,064
30 Aug 2024|11.46|11.62|11.41|11.61|11.61|3,321,619
29 Aug 2024|11.45|11.52|11.32|11.36|11.36|2,031,831
28 Aug 2024|11.27|11.58|11.26|11.39|11.39|3,541,594
27 Aug 2024|11.17|11.31|11.02|11.27|11.27|2,986,697
27 Aug 2024|0.35Dividend
26 Aug 2024|11.59|11.69|11.41|11.45|11.10|3,204,329
23 Aug 2024|11.61|11.61|11.39|11.48|11.13|2,597,375
22 Aug 2024|11.78|11.81|11.62|11.63|11.27|3,565,455
21 Aug 2024|11.99|12.02|11.73|11.80|11.44|3,318,402
20 Aug 2024|11.94|12.13|11.89|12.01|11.64|2,926,657
19 Aug 2024|11.80|12.05|11.77|11.98|11.61|3,326,832
16 Aug 2024|11.57|11.88|11.51|11.77|11.41|5,900,961
15 Aug 2024|11.39|11.69|11.30|11.57|11.22|9,315,513
14 Aug 2024|11.17|11.40|10.95|11.06|10.72|7,338,281
13 Aug 2024|10.93|11.04|10.80|10.81|10.48|2,297,012
12 Aug 2024|10.88|10.94|10.86|10.90|10.57|1,447,465
09 Aug 2024|10.77|10.85|10.70|10.82|10.49|2,402,144
08 Aug 2024|10.62|10.76|10.61|10.75|10.42|1,998,917
07 Aug 2024|10.47|10.75|10.46|10.66|10.33|3,106,029
06 Aug 2024|10.25|10.49|10.23|10.46|10.14|3,130,202
05 Aug 2024|10.44|10.44|10.25|10.29|9.98|2,146,145
02 Aug 2024|10.50|10.60|10.44|10.57|10.25|2,029,445
01 Aug 2024|10.47|10.60|10.39|10.56|10.24|7,728,874
31 July 2024|10.28|10.49|10.28|10.38|10.06|2,496,541
30 July 2024|10.25|10.31|10.21|10.26|9.95|1,300,639
29 July 2024|10.30|10.38|10.28|10.28|9.97|1,195,515
26 July 2024|10.27|10.29|10.06|10.26|9.95|2,614,162
25 July 2024|10.36|10.40|10.27|10.27|9.96|1,416,509
24 July 2024|10.26|10.40|10.25|10.37|10.05|1,425,868
23 July 2024|10.29|10.34|10.22|10.33|10.01|1,831,452
22 July 2024|10.30|10.31|10.17|10.23|9.92|2,668,054
19 July 2024|10.30|10.34|10.24|10.34|10.02|4,026,285
18 July 2024|10.40|10.43|10.31|10.38|10.06|1,786,994
17 July 2024|10.38|10.41|10.23|10.40|10.08|2,781,473
16 July 2024|10.45|10.46|10.33|10.35|10.03|1,895,922
15 July 2024|10.46|10.48|10.42|10.44|10.12|1,690,824
12 July 2024|10.50|10.53|10.36|10.44|10.12|2,306,909
11 July 2024|10.43|10.55|10.39|10.42|10.10|2,164,181
10 July 2024|10.55|10.55|10.30|10.30|9.99|1,898,055
09 July 2024|10.49|10.56|10.46|10.51|10.19|1,947,717
08 July 2024|10.57|10.60|10.47|10.50|10.18|1,456,674
05 July 2024|10.62|10.65|10.46|10.56|10.24|1,353,355
04 July 2024|10.77|10.81|10.54|10.60|10.28|2,591,413
03 July 2024|10.78|10.80|10.66|10.75|10.42|1,164,104
02 July 2024|10.65|10.83|10.65|10.74|10.41|1,609,074
01 July 2024|10.75|10.81|10.57|10.68|10.35|2,035,942
28 June 2024|10.77|10.95|10.76|10.83|10.50|3,487,416
27 June 2024|10.63|10.73|10.59|10.72|10.39|1,140,208
26 June 2024|10.64|10.73|10.59|10.70|10.37|1,564,568
25 June 2024|10.73|10.77|10.54|10.65|10.32|2,085,525
24 June 2024|10.59|10.74|10.57|10.67|10.34|3,245,939
21 June 2024|10.47|10.58|10.41|10.55|10.23|4,431,836
20 June 2024|10.49|10.50|10.42|10.45|10.13|1,592,790
19 June 2024|10.43|10.50|10.42|10.46|10.14|1,503,829
18 June 2024|10.30|10.47|10.24|10.42|10.10|1,796,040
17 June 2024|10.21|10.27|10.18|10.25|9.94|1,298,007
14 June 2024|10.25|10.29|10.13|10.21|9.90|1,134,926
13 June 2024|10.28|10.35|10.23|10.23|9.92|1,843,492
12 June 2024|10.25|10.29|10.19|10.25|9.94|1,736,099
11 June 2024|10.49|10.49|10.19|10.31|9.99|2,648,923
07 June 2024|10.45|10.53|10.42|10.49|10.17|968,021
06 June 2024|10.50|10.50|10.42|10.46|10.14|978,072
05 June 2024|10.44|10.48|10.36|10.45|10.13|1,523,617
04 June 2024|10.45|10.56|10.42|10.46|10.14|1,193,572
03 June 2024|10.35|10.51|10.34|10.51|10.19|2,340,769
31 May 2024|10.25|10.40|10.14|10.23|9.92|2,489,701
30 May 2024|10.28|10.33|10.16|10.20|9.89|1,900,384
29 May 2024|10.28|10.38|10.23|10.31|9.99|1,309,463
28 May 2024|10.47|10.48|10.31|10.33|10.01|1,121,554
27 May 2024|10.47|10.51|10.37|10.48|10.16|892,459
24 May 2024|10.35|10.49|10.31|10.49|10.17|1,119,301
23 May 2024|10.43|10.52|10.38|10.48|10.16|2,241,827
22 May 2024|10.44|10.47|10.36|10.46|10.14|1,558,387
21 May 2024|10.43|10.48|10.40|10.41|10.09|1,772,076
20 May 2024|10.31|10.59|10.24|10.46|10.14|2,050,549
17 May 2024|10.38|10.46|10.30|10.30|9.99|1,843,314
16 May 2024|10.47|10.53|10.32|10.47|10.15|2,552,312
15 May 2024|10.17|10.46|10.14|10.36|10.04|3,027,804
14 May 2024|10.26|10.29|10.12|10.14|9.83|1,455,776
13 May 2024|10.31|10.32|10.18|10.19|9.88|2,065,811
10 May 2024|10.39|10.41|10.23|10.27|9.96|2,303,884
09 May 2024|10.21|10.43|10.21|10.35|10.03|3,562,497
08 May 2024|10.05|10.16|9.97|10.13|9.82|2,493,117
07 May 2024|9.79|10.04|9.78|10.01|9.70|5,591,842
06 May 2024|9.32|9.38|9.29|9.32|9.04|1,088,019
03 May 2024|9.34|9.35|9.27|9.33|9.04|989,014
02 May 2024|9.45|9.48|9.27|9.27|8.99|1,469,335
01 May 2024|9.44|9.51|9.42|9.45|9.16|1,632,584
30 Apr 2024|9.52|9.53|9.30|9.46|9.17|2,198,518
29 Apr 2024|9.37|9.55|9.37|9.52|9.23|3,684,036
26 Apr 2024|9.37|9.40|9.28|9.37|9.08|2,302,429
24 Apr 2024|9.39|9.45|9.31|9.36|9.07|2,226,459
23 Apr 2024|9.27|9.50|9.23|9.39|9.10|2,893,264
22 Apr 2024|9.25|9.36|9.23|9.30|9.02|1,558,434
19 Apr 2024|9.22|9.28|9.08|9.20|8.92|2,466,604
18 Apr 2024|9.15|9.30|9.13|9.30|9.02|3,042,153
17 Apr 2024|8.73|9.21|8.72|9.19|8.91|5,967,771
16 Apr 2024|8.92|8.92|8.60|8.64|8.38|2,410,235
15 Apr 2024|8.93|8.98|8.88|8.93|8.66|1,856,381
12 Apr 2024|8.95|9.11|8.90|9.01|8.73|1,968,484
11 Apr 2024|8.90|9.02|8.83|9.00|8.72|2,278,545
10 Apr 2024|8.88|9.02|8.85|9.00|8.72|3,021,707
09 Apr 2024|8.72|8.85|8.66|8.85|8.58|3,829,070
08 Apr 2024|8.59|8.63|8.50|8.62|8.36|1,523,410
05 Apr 2024|8.53|8.60|8.51|8.56|8.30|1,291,016
04 Apr 2024|8.51|8.60|8.45|8.59|8.33|1,351,030
03 Apr 2024|8.48|8.56|8.46|8.49|8.23|2,269,673
02 Apr 2024|8.34|8.49|8.33|8.49|8.23|2,323,766
28 Mar 2024|8.33|8.40|8.26|8.34|8.09|2,156,114
27 Mar 2024|8.30|8.32|8.21|8.27|8.02|1,601,220
26 Mar 2024|8.38|8.43|8.30|8.31|8.06|1,636,637
25 Mar 2024|8.42|8.50|8.38|8.38|8.12|1,528,613
22 Mar 2024|8.54|8.58|8.36|8.37|8.11|4,468,243
21 Mar 2024|8.79|8.84|8.49|8.49|8.23|3,535,246
20 Mar 2024|8.86|8.95|8.74|8.75|8.48|2,254,360
19 Mar 2024|8.75|9.03|8.73|8.94|8.67|4,152,062
18 Mar 2024|8.61|8.78|8.58|8.78|8.51|1,637,029
15 Mar 2024|8.65|8.66|8.54|8.61|8.35|3,391,048
14 Mar 2024|8.66|8.70|8.61|8.66|8.40|1,465,452
13 Mar 2024|8.73|8.73|8.61|8.63|8.37|1,772,387
12 Mar 2024|8.64|8.71|8.59|8.70|8.43|1,382,457
11 Mar 2024|8.75|8.76|8.61|8.62|8.36|1,003,756
08 Mar 2024|8.53|8.81|8.48|8.76|8.49|3,926,776
07 Mar 2024|8.73|8.76|8.55|8.56|8.30|1,468,153
06 Mar 2024|8.68|8.75|8.60|8.68|8.41|2,473,925
05 Mar 2024|8.59|8.69|8.56|8.69|8.42|2,438,678
04 Mar 2024|8.60|8.62|8.48|8.58|8.32|1,855,991
01 Mar 2024|8.52|8.66|8.49|8.66|8.40|1,625,544
29 Feb 2024|8.57|8.60|8.47|8.50|8.24|2,319,136
28 Feb 2024|8.48|8.60|8.46|8.55|8.29|1,965,446
27 Feb 2024|8.50|8.55|8.41|8.47|8.21|1,771,513
26 Feb 2024|8.38|8.52|8.37|8.51|8.25|2,553,993
23 Feb 2024|8.41|8.46|8.29|8.39|8.13|2,572,265
22 Feb 2024|8.45|8.50|8.32|8.41|8.15|4,296,734
21 Feb 2024|8.32|8.35|8.20|8.34|8.09|5,436,842
21 Feb 2024|0.26Dividend
20 Feb 2024|8.68|8.69|8.53|8.56|8.05|5,393,660
19 Feb 2024|8.64|8.69|8.48|8.68|8.16|4,628,652
16 Feb 2024|8.60|8.67|8.41|8.63|8.11|4,005,965
15 Feb 2024|8.71|8.80|8.40|8.40|7.90|10,147,970
14 Feb 2024|8.63|8.77|8.58|8.65|8.13|2,800,114
13 Feb 2024|8.72|8.87|8.56|8.80|8.27|5,137,464
12 Feb 2024|8.65|8.74|8.60|8.70|8.18|3,114,128
09 Feb 2024|8.62|8.77|8.53|8.56|8.05|6,162,715
08 Feb 2024|9.02|9.16|8.73|8.80|8.27|9,661,532
07 Feb 2024|7.90|8.15|7.90|7.98|7.50|3,726,479
06 Feb 2024|7.89|8.02|7.80|7.84|7.37|2,693,703
05 Feb 2024|8.12|8.22|7.95|7.95|7.47|3,350,403
02 Feb 2024|8.43|8.50|8.16|8.17|7.68|5,428,603
01 Feb 2024|8.70|8.72|8.54|8.54|8.03|2,653,244
31 Jan 2024|8.75|8.78|8.65|8.67|8.15|2,879,465
30 Jan 2024|8.83|8.92|8.69|8.72|8.20|1,965,707
29 Jan 2024|8.72|8.81|8.69|8.78|8.25|1,490,766
25 Jan 2024|8.79|8.83|8.73|8.80|8.27|1,595,697
24 Jan 2024|8.75|8.82|8.68|8.78|8.25|1,407,398
23 Jan 2024|8.58|8.73|8.58|8.72|8.20|1,787,446
22 Jan 2024|8.74|8.76|8.57|8.58|8.07|2,160,222
19 Jan 2024|8.78|8.86|8.75|8.75|8.22|2,685,386
18 Jan 2024|8.80|8.85|8.73|8.74|8.22|2,148,222
17 Jan 2024|8.89|8.94|8.80|8.93|8.39|1,625,147
16 Jan 2024|8.95|8.98|8.83|8.89|8.36|1,617,463
15 Jan 2024|8.96|9.07|8.96|9.07|8.53|624,096
12 Jan 2024|9.21|9.23|8.96|9.05|8.51|3,499,116
11 Jan 2024|9.39|9.39|9.23|9.25|8.69|1,646,831
10 Jan 2024|9.42|9.48|9.32|9.32|8.76|1,799,847
09 Jan 2024|9.60|9.61|9.47|9.47|8.90|1,113,640
08 Jan 2024|9.63|9.68|9.51|9.51|8.94|2,563,079
05 Jan 2024|9.63|9.69|9.59|9.63|9.05|669,385
04 Jan 2024|9.68|9.73|9.55|9.64|9.06|975,509
03 Jan 2024|9.64|9.77|9.57|9.65|9.07|1,411,141
02 Jan 2024|9.47|9.85|9.43|9.70|9.12|2,366,233
29 Dec 2023|9.50|9.50|9.41|9.48|8.91|726,709
28 Dec 2023|9.43|9.53|9.41|9.46|8.89|924,521
27 Dec 2023|9.38|9.48|9.34|9.39|8.83|611,464
22 Dec 2023|9.45|9.45|9.32|9.36|8.80|1,037,999
21 Dec 2023|9.27|9.47|9.18|9.45|8.88|2,232,528
20 Dec 2023|9.20|9.23|9.08|9.21|8.66|2,945,222
19 Dec 2023|9.08|9.14|8.98|9.14|8.59|3,851,272
18 Dec 2023|9.30|9.31|9.07|9.09|8.54|1,616,495
15 Dec 2023|9.47|9.51|9.17|9.23|8.68|4,654,922
14 Dec 2023|9.68|9.71|9.47|9.53|8.96|2,344,881
13 Dec 2023|9.52|9.59|9.42|9.48|8.91|1,056,123
12 Dec 2023|9.61|9.66|9.51|9.60|9.02|1,814,285
11 Dec 2023|9.64|9.70|9.52|9.59|9.01|3,251,050
08 Dec 2023|9.30|9.72|9.30|9.68|9.10|3,850,094
07 Dec 2023|8.99|9.42|8.97|9.42|8.85|3,228,681
06 Dec 2023|8.95|9.12|8.85|9.11|8.56|2,737,359
05 Dec 2023|9.09|9.11|8.94|8.96|8.42|2,426,720
04 Dec 2023|9.52|9.52|9.13|9.13|8.58|1,882,539
01 Dec 2023|9.47|9.60|9.41|9.43|8.86|1,183,523
30 Nov 2023|9.60|9.69|9.38|9.43|8.86|5,332,504
29 Nov 2023|9.82|9.85|9.57|9.69|9.11|1,038,228
28 Nov 2023|9.82|9.95|9.77|9.80|9.21|2,227,177
27 Nov 2023|9.92|9.98|9.80|9.86|9.27|839,917
24 Nov 2023|9.97|10.09|9.84|9.96|9.36|1,386,362
23 Nov 2023|10.23|10.23|9.62|9.93|9.33|4,400,930
22 Nov 2023|10.24|10.24|10.09|10.23|9.62|2,295,229
21 Nov 2023|10.34|10.35|10.23|10.24|9.63|1,142,019
20 Nov 2023|10.45|10.46|10.30|10.38|9.76|1,652,832
17 Nov 2023|10.50|10.51|10.43|10.45|9.82|1,086,278
16 Nov 2023|10.52|10.54|10.41|10.49|9.86|1,291,844
15 Nov 2023|10.57|10.58|10.40|10.54|9.91|1,596,893
14 Nov 2023|10.43|10.56|10.40|10.54|9.91|1,287,937
13 Nov 2023|10.50|10.51|10.35|10.45|9.82|1,286,470
10 Nov 2023|10.46|10.54|10.40|10.54|9.91|1,052,560
09 Nov 2023|10.60|10.61|10.42|10.59|9.95|1,529,857
08 Nov 2023|10.58|10.69|10.53|10.60|9.96|997,134
07 Nov 2023|10.44|10.61|10.40|10.60|9.96|1,241,519
06 Nov 2023|10.58|10.63|10.46|10.50|9.87|1,522,626
03 Nov 2023|10.62|10.66|10.58|10.59|9.95|1,574,975
02 Nov 2023|10.92|10.95|10.50|10.52|9.89|1,534,480
01 Nov 2023|10.75|10.87|10.58|10.77|10.12|2,050,362
31 Oct 2023|10.93|10.95|10.75|10.75|10.10|2,058,212
30 Oct 2023|10.80|10.90|10.72|10.86|10.21|876,282
27 Oct 2023|10.73|10.94|10.68|10.89|10.24|1,852,495
26 Oct 2023|10.44|10.78|10.42|10.75|10.10|2,937,121
25 Oct 2023|10.46|10.54|10.25|10.50|9.87|1,864,733
24 Oct 2023|10.57|10.62|10.40|10.45|9.82|1,480,842
23 Oct 2023|10.62|10.68|10.55|10.64|10.00|830,917
20 Oct 2023|10.60|10.74|10.56|10.71|10.07|1,174,264
19 Oct 2023|10.68|10.72|10.60|10.70|10.06|873,875
18 Oct 2023|10.82|10.82|10.61|10.78|10.13|1,357,758
17 Oct 2023|10.82|10.90|10.73|10.77|10.12|1,089,714
16 Oct 2023|10.84|10.94|10.70|10.80|10.15|1,118,535
13 Oct 2023|10.83|10.98|10.79|10.95|10.29|1,822,358
12 Oct 2023|10.90|10.99|10.83|10.89|10.24|1,209,072
11 Oct 2023|10.95|11.01|10.85|10.86|10.21|3,651,138
10 Oct 2023|10.59|10.98|10.58|10.89|10.24|3,037,979
09 Oct 2023|10.42|10.52|10.41|10.48|9.85|728,798
06 Oct 2023|10.50|10.53|10.38|10.41|9.79|1,567,398
05 Oct 2023|10.31|10.57|10.29|10.55|9.92|1,489,962
04 Oct 2023|10.19|10.37|10.13|10.37|9.75|2,524,599
03 Oct 2023|10.51|10.58|10.21|10.24|9.63|2,474,774
02 Oct 2023|10.50|10.70|10.44|10.69|10.05|1,154,191
29 Sept 2023|10.75|10.86|10.73|10.73|10.09|1,435,122
28 Sept 2023|10.85|10.91|10.75|10.80|10.15|1,089,030
27 Sept 2023|10.85|10.95|10.78|10.89|10.24|1,449,923
26 Sept 2023|11.04|11.10|11.00|11.03|10.37|1,977,046
25 Sept 2023|10.78|11.03|10.77|11.03|10.37|1,925,173
22 Sept 2023|10.63|10.71|10.52|10.71|10.07|2,526,488
21 Sept 2023|10.68|10.79|10.68|10.79|10.14|1,726,080
20 Sept 2023|10.91|10.98|10.67|10.75|10.10|4,992,890
19 Sept 2023|10.90|11.13|10.85|10.98|10.32|2,033,757
18 Sept 2023|10.85|10.99|10.80|10.96|10.30|1,430,047
15 Sept 2023|11.00|11.10|10.92|10.92|10.26|4,239,129
14 Sept 2023|11.04|11.04|10.86|10.97|10.31|1,915,671
13 Sept 2023|10.95|11.04|10.91|10.98|10.32|1,796,735
12 Sept 2023|10.92|11.04|10.88|10.99|10.33|1,551,933
11 Sept 2023|10.96|10.97|10.78|10.94|10.28|1,113,684
08 Sept 2023|10.85|10.96|10.76|10.96|10.30|967,796
07 Sept 2023|10.92|10.96|10.74|10.85|10.20|2,024,363
06 Sept 2023|10.94|11.08|10.92|10.96|10.30|2,055,147
05 Sept 2023|11.10|11.28|10.99|11.03|10.37|1,545,858
04 Sept 2023|11.15|11.19|10.96|11.08|10.42|1,443,700
01 Sept 2023|10.97|11.16|10.88|11.04|10.38|2,294,481
31 Aug 2023|11.14|11.24|11.02|11.09|10.42|1,695,089
30 Aug 2023|11.12|11.19|11.04|11.07|10.41|2,034,360
29 Aug 2023|11.19|11.24|11.08|11.10|10.43|2,473,179
28 Aug 2023|11.04|11.15|10.99|11.11|10.44|911,836
25 Aug 2023|10.91|10.98|10.88|10.96|10.30|1,355,599
24 Aug 2023|10.98|11.11|10.71|11.04|10.38|2,535,155
23 Aug 2023|10.90|11.12|10.85|11.03|10.37|3,093,005
23 Aug 2023|0.23Dividend
22 Aug 2023|10.98|11.16|10.95|11.16|10.27|2,138,757
21 Aug 2023|10.95|10.99|10.84|10.91|10.04|1,612,039
18 Aug 2023|10.84|10.97|10.80|10.94|10.07|1,653,351
17 Aug 2023|10.95|10.99|10.78|10.84|9.98|2,346,989
16 Aug 2023|10.90|11.02|10.74|11.00|10.13|2,652,420
15 Aug 2023|10.97|11.04|10.88|11.03|10.15|1,899,332
14 Aug 2023|11.06|11.07|10.82|10.98|10.11|3,807,918
11 Aug 2023|11.19|11.31|10.78|11.15|10.26|4,737,774
10 Aug 2023|11.70|11.80|11.04|11.22|10.33|6,696,945
09 Aug 2023|11.58|11.64|11.53|11.58|10.66|1,447,549
08 Aug 2023|11.50|11.61|11.49|11.60|10.68|2,184,985
07 Aug 2023|11.48|11.60|11.47|11.55|10.63|936,024
04 Aug 2023|11.58|11.67|11.40|11.46|10.55|4,712,184
03 Aug 2023|11.82|11.85|11.63|11.64|10.72|1,864,948
02 Aug 2023|11.88|11.90|11.59|11.69|10.76|6,539,831
01 Aug 2023|12.36|12.45|12.27|12.28|11.31|1,815,481
31 July 2023|12.28|12.37|12.18|12.19|11.22|1,312,008
28 July 2023|12.25|12.30|12.11|12.27|11.30|2,349,935
27 July 2023|12.10|12.33|12.06|12.23|11.26|1,890,252
26 July 2023|12.14|12.18|12.05|12.17|11.20|1,964,839
25 July 2023|12.14|12.15|12.00|12.12|11.16|1,726,919
24 July 2023|12.00|12.17|11.97|12.11|11.15|3,098,469
21 July 2023|11.87|12.00|11.78|12.00|11.05|2,697,119
20 July 2023|11.74|11.87|11.73|11.86|10.92|1,594,991
19 July 2023|11.73|11.87|11.71|11.80|10.86|2,017,698
18 July 2023|11.70|11.82|11.62|11.80|10.86|3,857,521
17 July 2023|11.41|11.50|11.40|11.48|10.57|1,603,569
14 July 2023|11.25|11.40|11.19|11.40|10.50|2,319,235
13 July 2023|11.18|11.33|11.14|11.21|10.32|1,832,441
12 July 2023|11.18|11.18|11.08|11.15|10.26|2,646,391
11 July 2023|11.12|11.18|11.06|11.14|10.26|1,618,843
10 July 2023|11.09|11.13|10.98|11.03|10.15|1,675,084
07 July 2023|10.96|11.10|10.87|11.07|10.19|2,923,025
06 July 2023|11.24|11.26|11.03|11.15|10.26|2,596,869
05 July 2023|10.98|11.26|10.96|11.25|10.36|4,105,884
04 July 2023|10.97|11.08|10.95|10.99|10.12|1,811,654
03 July 2023|10.92|11.00|10.87|10.98|10.11|3,048,051
30 June 2023|10.76|10.86|10.70|10.81|9.95|3,717,378
29 June 2023|10.84|10.84|10.70|10.73|9.88|2,790,632
28 June 2023|10.80|10.84|10.69|10.81|9.95|3,993,763
27 June 2023|11.00|11.03|10.72|10.77|9.92|3,357,836
26 June 2023|11.03|11.03|10.93|10.98|10.11|1,785,464
23 June 2023|11.01|11.07|10.94|11.06|10.18|2,204,198
22 June 2023|11.14|11.14|10.89|11.03|10.15|3,595,641
21 June 2023|11.02|11.06|10.94|11.04|10.16|4,551,323
20 June 2023|10.88|11.10|10.82|11.06|10.18|4,409,388
19 June 2023|10.54|10.81|10.50|10.75|9.90|3,778,599
16 June 2023|10.23|11.14|10.21|10.60|9.76|24,057,268
15 June 2023|9.78|9.80|9.59|9.66|8.89|5,387,596
14 June 2023|9.93|9.98|9.74|9.77|8.99|3,214,646
13 June 2023|9.84|10.00|9.83|9.95|9.16|4,178,605
09 June 2023|9.88|9.91|9.77|9.85|9.07|3,691,894
08 June 2023|9.74|10.01|9.65|9.90|9.11|6,818,308
07 June 2023|9.57|9.70|9.55|9.69|8.92|2,668,647
06 June 2023|9.36|9.54|9.36|9.54|8.78|3,328,591
05 June 2023|9.38|9.40|9.31|9.37|8.63|1,845,067
02 June 2023|9.25|9.40|9.23|9.37|8.63|2,601,086
01 June 2023|9.34|9.37|9.17|9.21|8.48|3,887,084
31 May 2023|9.42|9.43|9.31|9.39|8.64|4,126,625
30 May 2023|9.40|9.45|9.36|9.43|8.68|1,637,973
29 May 2023|9.20|9.39|9.14|9.39|8.64|2,624,753
26 May 2023|9.11|9.24|9.08|9.15|8.42|2,908,009
25 May 2023|8.90|9.12|8.88|9.12|8.40|2,553,248
24 May 2023|9.02|9.04|8.90|8.96|8.25|2,771,499
23 May 2023|8.88|9.04|8.84|9.01|8.29|2,897,723
22 May 2023|8.86|8.88|8.76|8.88|8.18|1,468,202
19 May 2023|9.02|9.02|8.83|8.87|8.17|1,346,820
18 May 2023|8.98|9.04|8.95|9.00|8.29|1,594,457
17 May 2023|8.80|9.05|8.77|9.01|8.29|2,420,294
16 May 2023|8.81|8.87|8.76|8.84|8.14|1,046,280
15 May 2023|8.78|8.90|8.77|8.85|8.15|1,070,711
12 May 2023|8.75|8.79|8.72|8.78|8.08|1,132,428
11 May 2023|8.80|8.85|8.72|8.76|8.06|1,753,342
10 May 2023|8.79|8.85|8.72|8.84|8.14|1,756,765
09 May 2023|8.92|8.93|8.77|8.79|8.09|1,979,431
08 May 2023|8.95|8.98|8.87|8.92|8.21|3,024,890
05 May 2023|8.85|8.91|8.78|8.89|8.18|1,680,919
04 May 2023|8.58|8.85|8.54|8.85|8.15|4,026,112
03 May 2023|8.51|8.59|8.48|8.58|7.90|2,279,235
02 May 2023|8.47|8.56|8.42|8.55|7.87|1,520,784
01 May 2023|8.45|8.64|8.39|8.55|7.87|2,406,714
28 Apr 2023|8.38|8.39|8.25|8.30|7.64|1,717,698
27 Apr 2023|8.29|8.44|8.27|8.38|7.71|1,652,852
26 Apr 2023|8.54|8.58|8.39|8.39|7.72|2,181,050
24 Apr 2023|8.60|8.63|8.53|8.56|7.88|1,485,723
21 Apr 2023|8.60|8.63|8.52|8.60|7.92|1,703,746
20 Apr 2023|8.72|8.75|8.54|8.54|7.86|1,760,348
19 Apr 2023|8.60|8.74|8.57|8.73|8.04|2,476,115
18 Apr 2023|8.64|8.66|8.55|8.65|7.96|2,031,088
17 Apr 2023|8.62|8.69|8.56|8.67|7.98|1,599,360
14 Apr 2023|8.46|8.64|8.43|8.60|7.92|2,859,078
13 Apr 2023|8.42|8.46|8.37|8.44|7.77|2,534,178
12 Apr 2023|8.55|8.57|8.39|8.45|7.78|3,210,794
11 Apr 2023|8.35|8.57|8.34|8.54|7.86|3,775,579
06 Apr 2023|8.22|8.34|8.21|8.32|7.66|2,407,528
05 Apr 2023|8.16|8.21|8.10|8.20|7.55|2,500,762
04 Apr 2023|8.28|8.32|8.16|8.16|7.51|23,670,281
03 Apr 2023|8.07|8.24|8.06|8.21|7.56|3,629,973
31 Mar 2023|7.92|8.07|7.88|8.05|7.41|4,127,987
30 Mar 2023|7.78|7.91|7.72|7.91|7.28|2,233,405
29 Mar 2023|7.77|7.82|7.71|7.75|7.13|1,913,767
28 Mar 2023|7.72|7.81|7.66|7.76|7.14|2,886,365
27 Mar 2023|7.47|7.72|7.42|7.69|7.08|3,195,056
24 Mar 2023|7.13|7.48|7.11|7.45|6.86|5,576,626
23 Mar 2023|7.00|7.10|6.97|7.03|6.47|1,611,235
22 Mar 2023|7.05|7.08|7.01|7.07|6.51|1,981,443
21 Mar 2023|7.12|7.15|7.01|7.05|6.49|1,996,353
20 Mar 2023|6.84|7.16|6.82|7.11|6.55|2,958,744
17 Mar 2023|6.97|6.98|6.80|6.87|6.32|7,544,122
16 Mar 2023|6.98|6.99|6.82|6.87|6.32|2,494,002
15 Mar 2023|6.83|7.00|6.83|6.98|6.43|2,980,684
14 Mar 2023|6.85|6.90|6.73|6.81|6.27|2,137,897
13 Mar 2023|6.82|6.92|6.81|6.87|6.32|1,607,470
10 Mar 2023|6.84|6.91|6.82|6.85|6.31|1,378,073
09 Mar 2023|6.83|6.93|6.81|6.90|6.35|2,010,866
08 Mar 2023|6.85|6.88|6.76|6.76|6.22|2,067,036
07 Mar 2023|6.90|7.00|6.88|6.89|6.34|2,316,335
06 Mar 2023|6.89|6.93|6.83|6.88|6.33|1,507,831
03 Mar 2023|6.85|6.85|6.76|6.83|6.29|1,390,658
02 Mar 2023|6.93|6.93|6.82|6.82|6.28|1,968,873
01 Mar 2023|6.88|6.92|6.84|6.88|6.33|1,499,226
28 Feb 2023|6.90|6.98|6.88|6.90|6.35|2,487,201
27 Feb 2023|6.87|6.93|6.84|6.90|6.35|1,667,682
24 Feb 2023|6.95|6.99|6.89|6.92|6.37|1,407,188
23 Feb 2023|6.90|7.07|6.90|6.93|6.38|2,805,342
22 Feb 2023|6.93|6.96|6.86|6.92|6.37|2,904,691
22 Feb 2023|0.08Dividend
21 Feb 2023|7.02|7.06|6.95|6.95|6.32|2,165,825
20 Feb 2023|7.15|7.18|6.99|7.01|6.38|2,961,980
17 Feb 2023|7.10|7.23|7.07|7.14|6.50|3,795,359
16 Feb 2023|7.06|7.20|7.05|7.14|6.50|3,648,180
15 Feb 2023|6.97|7.06|6.93|7.06|6.42|3,714,091
14 Feb 2023|6.91|6.97|6.89|6.94|6.32|4,900,737
13 Feb 2023|7.00|7.06|6.83|6.89|6.27|6,180,455
10 Feb 2023|7.03|7.14|6.83|6.95|6.32|7,391,254
09 Feb 2023|7.53|7.63|6.98|7.12|6.48|12,238,132
08 Feb 2023|7.95|7.98|7.85|7.94|7.23|1,340,714
07 Feb 2023|7.74|7.99|7.73|7.93|7.22|2,268,087
06 Feb 2023|7.67|7.77|7.65|7.75|7.05|1,546,282
03 Feb 2023|7.64|7.71|7.59|7.67|6.98|1,268,835
02 Feb 2023|7.65|7.76|7.61|7.62|6.93|1,690,729
01 Feb 2023|7.64|7.64|7.56|7.64|6.95|1,708,930
31 Jan 2023|7.65|7.67|7.55|7.65|6.96|1,895,820
30 Jan 2023|7.70|7.70|7.58|7.62|6.93|3,982,709
27 Jan 2023|7.77|7.82|7.70|7.70|7.01|1,603,520
25 Jan 2023|7.73|7.74|7.59|7.64|6.95|1,157,608
24 Jan 2023|7.63|7.72|7.58|7.69|7.00|1,572,365
23 Jan 2023|7.76|7.78|7.61|7.62|6.93|1,180,336
20 Jan 2023|7.72|7.79|7.70|7.77|7.07|2,504,225
19 Jan 2023|7.73|7.74|7.61|7.67|6.98|1,397,672
18 Jan 2023|7.67|7.72|7.66|7.70|7.01|1,219,290
17 Jan 2023|7.71|7.73|7.67|7.67|6.98|777,624
16 Jan 2023|7.76|7.82|7.74|7.74|7.04|966,708
13 Jan 2023|7.78|7.84|7.76|7.79|7.09|774,305
12 Jan 2023|7.78|7.81|7.72|7.78|7.08|1,188,095
11 Jan 2023|7.80|7.87|7.74|7.78|7.08|864,978
10 Jan 2023|7.80|7.84|7.76|7.79|7.09|1,497,645
09 Jan 2023|7.85|7.92|7.72|7.79|7.09|1,504,801
06 Jan 2023|8.00|8.03|7.80|7.81|7.11|2,516,100
05 Jan 2023|8.15|8.22|8.01|8.03|7.31|2,273,438
04 Jan 2023|8.10|8.22|8.05|8.20|7.46|3,462,276
03 Jan 2023|8.00|8.09|7.96|8.04|7.32|1,454,985
30 Dec 2022|8.20|8.23|8.07|8.07|7.34|1,396,517
29 Dec 2022|8.21|8.22|8.15|8.18|7.44|834,343
28 Dec 2022|8.21|8.24|8.15|8.22|7.48|1,616,651
23 Dec 2022|8.13|8.23|8.07|8.17|7.43|1,745,575
22 Dec 2022|8.00|8.19|7.93|8.14|7.41|2,828,366
21 Dec 2022|8.06|8.13|7.98|8.04|7.32|2,191,393
20 Dec 2022|7.95|8.12|7.86|8.03|7.31|4,311,676
19 Dec 2022|7.90|7.98|7.85|7.89|7.18|683,112
16 Dec 2022|8.00|8.02|7.90|7.90|7.19|3,928,037
15 Dec 2022|7.98|8.11|7.93|8.09|7.36|1,916,231
14 Dec 2022|8.03|8.07|7.88|7.92|7.21|1,876,693
13 Dec 2022|7.80|7.90|7.76|7.89|7.18|1,501,493
12 Dec 2022|7.85|7.87|7.44|7.79|7.09|5,001,700
09 Dec 2022|8.09|8.18|8.00|8.00|7.28|2,542,309
08 Dec 2022|8.05|8.18|8.03|8.13|7.40|2,793,758
07 Dec 2022|8.13|8.17|8.05|8.05|7.33|1,745,422
06 Dec 2022|8.02|8.14|7.97|8.14|7.41|1,364,721
05 Dec 2022|8.08|8.13|7.98|8.09|7.36|1,506,115
02 Dec 2022|8.07|8.12|8.01|8.05|7.33|1,207,622
01 Dec 2022|8.06|8.14|8.01|8.08|7.35|1,359,163
30 Nov 2022|7.95|8.00|7.88|7.96|7.24|1,735,820
29 Nov 2022|8.03|8.06|7.91|7.98|7.26|1,369,403
28 Nov 2022|8.06|8.08|7.98|8.00|7.28|2,939,665
25 Nov 2022|7.85|8.12|7.83|8.12|7.39|2,480,765
24 Nov 2022|7.94|7.94|7.83|7.86|7.15|1,127,160
23 Nov 2022|7.90|7.94|7.84|7.94|7.23|1,201,400
22 Nov 2022|7.90|7.97|7.81|7.84|7.13|1,710,318
21 Nov 2022|7.75|7.88|7.66|7.88|7.17|2,604,136
18 Nov 2022|7.58|7.61|7.51|7.56|6.88|2,014,846
17 Nov 2022|7.55|7.62|7.51|7.54|6.86|1,596,491
16 Nov 2022|7.66|7.68|7.51|7.54|6.86|1,508,698
15 Nov 2022|7.70|7.77|7.58|7.61|6.93|1,790,130
14 Nov 2022|7.79|7.84|7.66|7.70|7.01|1,372,155
11 Nov 2022|7.74|7.84|7.63|7.81|7.11|2,937,524
10 Nov 2022|7.68|7.74|7.48|7.55|6.87|5,996,548
09 Nov 2022|7.60|7.64|7.55|7.64|6.95|2,378,159
08 Nov 2022|7.40|7.56|7.39|7.56|6.88|2,216,151
07 Nov 2022|7.29|7.44|7.25|7.42|6.75|1,785,627
04 Nov 2022|7.07|7.30|7.04|7.29|6.63|2,530,236
03 Nov 2022|7.15|7.17|7.01|7.08|6.44|2,043,988
02 Nov 2022|7.15|7.25|7.14|7.23|6.58|1,855,486
01 Nov 2022|6.82|7.15|6.79|7.12|6.48|2,501,026
31 Oct 2022|6.85|6.89|6.78|6.81|6.20|1,542,437
28 Oct 2022|6.67|6.92|6.66|6.80|6.19|2,155,669
27 Oct 2022|6.63|6.71|6.60|6.67|6.07|2,024,464
26 Oct 2022|6.58|6.66|6.54|6.62|6.02|2,373,338
25 Oct 2022|6.56|6.60|6.51|6.54|5.95|1,393,809
24 Oct 2022|6.61|6.64|6.54|6.56|5.97|1,512,493
21 Oct 2022|6.62|6.66|6.47|6.47|5.89|3,195,257
20 Oct 2022|6.70|6.73|6.63|6.67|6.07|1,425,583
19 Oct 2022|6.75|6.82|6.71|6.72|6.12|1,449,066
18 Oct 2022|6.73|6.77|6.69|6.72|6.12|1,552,753
17 Oct 2022|6.76|6.79|6.65|6.66|6.06|1,941,632
14 Oct 2022|6.81|6.91|6.80|6.83|6.22|1,407,945
13 Oct 2022|6.73|6.75|6.61|6.71|6.11|1,975,208
12 Oct 2022|6.88|6.91|6.77|6.77|6.16|1,586,988
11 Oct 2022|6.92|6.97|6.85|6.90|6.28|2,121,306
10 Oct 2022|7.10|7.10|6.88|6.88|6.26|2,120,208
07 Oct 2022|7.26|7.30|7.08|7.11|6.47|2,843,936
06 Oct 2022|7.23|7.35|7.22|7.32|6.66|2,437,915
05 Oct 2022|7.20|7.29|7.08|7.28|6.62|3,736,782
04 Oct 2022|6.88|7.19|6.83|7.18|6.53|4,839,611
03 Oct 2022|6.79|6.93|6.76|6.86|6.24|1,593,679
30 Sept 2022|6.60|6.90|6.49|6.84|6.22|4,621,846
29 Sept 2022|6.78|6.85|6.53|6.60|6.01|3,751,530
28 Sept 2022|6.41|6.64|6.41|6.60|6.01|2,611,896
27 Sept 2022|6.36|6.44|6.32|6.41|5.83|2,769,284
26 Sept 2022|6.60|6.63|6.38|6.39|5.82|2,773,285
23 Sept 2022|6.86|6.89|6.61|6.64|6.04|2,306,103
21 Sept 2022|6.98|6.99|6.86|6.87|6.25|2,162,028
20 Sept 2022|7.05|7.15|6.99|7.03|6.40|1,556,055
19 Sept 2022|7.08|7.13|6.92|6.97|6.34|1,941,430
16 Sept 2022|7.06|7.12|7.01|7.11|6.47|9,191,215
15 Sept 2022|7.23|7.24|7.10|7.11|6.47|2,907,101
14 Sept 2022|7.13|7.20|7.05|7.18|6.53|3,248,162
13 Sept 2022|7.12|7.24|7.11|7.23|6.58|2,666,517
12 Sept 2022|7.01|7.15|6.98|7.12|6.48|2,329,085
09 Sept 2022|6.90|6.99|6.88|6.96|6.33|2,336,061
08 Sept 2022|6.96|7.11|6.94|7.01|6.38|3,390,681
07 Sept 2022|7.04|7.07|6.79|6.79|6.18|3,709,895
06 Sept 2022|7.16|7.23|7.04|7.04|6.41|2,323,146
05 Sept 2022|7.22|7.30|7.18|7.19|6.54|3,711,570
02 Sept 2022|7.31|7.35|7.23|7.26|6.61|2,241,850
01 Sept 2022|7.53|7.57|7.30|7.30|6.64|3,231,323
01 Sept 2022|0.1Dividend
31 Aug 2022|7.68|7.72|7.65|7.68|6.90|1,991,702
30 Aug 2022|7.76|7.85|7.73|7.73|6.94|2,066,571
29 Aug 2022|7.69|7.79|7.65|7.73|6.94|1,670,866
26 Aug 2022|7.91|7.99|7.77|7.77|6.98|1,881,446
25 Aug 2022|8.00|8.01|7.90|7.93|7.12|1,845,725
24 Aug 2022|7.95|8.00|7.92|7.98|7.17|2,170,088
23 Aug 2022|7.70|7.97|7.63|7.96|7.15|2,924,466
22 Aug 2022|7.64|7.82|7.52|7.78|6.99|4,398,450
19 Aug 2022|7.96|8.05|7.66|7.84|7.04|8,363,236
18 Aug 2022|8.26|8.26|8.11|8.16|7.33|2,657,104
17 Aug 2022|8.42|8.43|8.28|8.28|7.44|1,560,572
16 Aug 2022|8.47|8.55|8.36|8.38|7.53|1,262,454
15 Aug 2022|8.53|8.55|8.40|8.40|7.54|1,094,010
12 Aug 2022|8.45|8.56|8.45|8.50|7.63|1,263,835
11 Aug 2022|8.60|8.60|8.43|8.50|7.63|1,642,087
10 Aug 2022|8.44|8.60|8.39|8.58|7.71|1,790,175
09 Aug 2022|8.58|8.59|8.47|8.47|7.61|1,128,123
08 Aug 2022|8.53|8.60|8.36|8.58|7.71|1,932,872
05 Aug 2022|8.64|8.65|8.53|8.54|7.67|1,332,368
04 Aug 2022|8.53|8.64|8.49|8.64|7.76|1,817,536
03 Aug 2022|8.48|8.58|8.40|8.53|7.66|2,730,878
02 Aug 2022|8.44|8.59|8.40|8.59|7.72|1,799,909
01 Aug 2022|8.38|8.45|8.32|8.45|7.59|1,110,766
29 July 2022|8.35|8.41|8.30|8.38|7.53|2,474,423
28 July 2022|8.50|8.58|8.27|8.28|7.44|2,248,459
27 July 2022|8.52|8.57|8.46|8.48|7.62|914,808
26 July 2022|8.50|8.59|8.45|8.56|7.69|1,200,392
25 July 2022|8.43|8.57|8.41|8.55|7.68|1,494,010
22 July 2022|8.42|8.45|8.35|8.41|7.55|2,347,623
21 July 2022|8.30|8.45|8.28|8.45|7.59|1,708,316
20 July 2022|8.39|8.44|8.32|8.37|7.52|1,770,751
19 July 2022|8.10|8.24|8.10|8.15|7.32|1,434,457
18 July 2022|8.00|8.21|7.99|8.15|7.32|1,452,206
15 July 2022|8.12|8.15|7.93|8.07|7.25|2,391,359
14 July 2022|8.25|8.27|8.14|8.19|7.36|1,734,860
13 July 2022|8.31|8.37|8.24|8.28|7.44|1,820,486
12 July 2022|8.23|8.43|8.23|8.39|7.54|1,288,857
11 July 2022|8.26|8.33|8.23|8.26|7.42|1,833,638
08 July 2022|8.33|8.37|8.23|8.31|7.46|1,853,483
07 July 2022|8.43|8.47|8.31|8.36|7.51|2,041,804
06 July 2022|8.31|8.35|8.21|8.27|7.43|2,337,685
05 July 2022|8.43|8.45|8.28|8.35|7.50|1,595,711
04 July 2022|8.43|8.57|8.33|8.36|7.51|1,684,326
01 July 2022|8.32|8.38|8.28|8.28|7.44|1,228,875
30 June 2022|8.29|8.56|8.25|8.25|7.41|4,032,338
29 June 2022|8.48|8.51|8.39|8.39|7.54|2,289,827
28 June 2022|8.19|8.55|8.19|8.55|7.68|2,867,385
27 June 2022|8.19|8.29|8.14|8.20|7.36|3,385,346
24 June 2022|8.14|8.22|8.08|8.19|7.36|4,989,749
23 June 2022|8.18|8.19|8.07|8.12|7.29|3,222,912
22 June 2022|8.24|8.34|8.19|8.23|7.39|5,124,039
21 June 2022|8.35|8.38|8.17|8.19|7.36|3,218,394
20 June 2022|8.31|8.44|8.25|8.32|7.47|2,240,132
17 June 2022|8.18|8.41|7.95|8.41|7.55|11,448,343
16 June 2022|8.68|8.69|8.26|8.26|7.42|6,097,620
15 June 2022|8.40|8.62|8.31|8.58|7.71|4,930,811
14 June 2022|8.50|8.57|8.47|8.50|7.63|4,942,619
10 June 2022|8.67|8.78|8.53|8.74|7.85|2,228,825
09 June 2022|8.85|8.86|8.76|8.76|7.87|1,286,846
08 June 2022|8.81|8.88|8.75|8.86|7.96|2,553,917
07 June 2022|8.81|8.85|8.70|8.72|7.83|2,637,562
06 June 2022|8.78|8.88|8.70|8.78|7.89|2,213,318
03 June 2022|8.75|8.78|8.69|8.78|7.89|1,948,054
02 June 2022|8.70|8.77|8.69|8.73|7.84|4,179,654
01 June 2022|8.76|8.84|8.69|8.72|7.83|5,309,321
31 May 2022|8.74|8.81|8.68|8.76|7.87|5,743,387
30 May 2022|8.80|8.80|8.46|8.72|7.83|5,447,003
27 May 2022|8.68|8.87|8.65|8.87|7.97|3,720,423
26 May 2022|8.62|8.67|8.59|8.61|7.73|2,204,927
25 May 2022|8.58|8.63|8.53|8.61|7.73|2,176,600
24 May 2022|8.61|8.68|8.51|8.53|7.66|2,527,657
23 May 2022|8.63|8.66|8.58|8.59|7.72|2,139,082
20 May 2022|8.55|8.69|8.55|8.63|7.75|3,772,085
19 May 2022|8.60|8.64|8.54|8.58|7.71|2,555,360
18 May 2022|8.63|8.71|8.58|8.64|7.76|3,568,772
17 May 2022|8.45|8.70|8.38|8.62|7.74|60,837,946
16 May 2022|8.40|8.48|8.36|8.43|7.57|3,280,446
13 May 2022|8.26|8.45|8.26|8.40|7.54|5,577,321
12 May 2022|8.25|8.35|8.21|8.33|7.48|4,172,236
11 May 2022|8.16|8.25|8.14|8.19|7.36|2,434,347
10 May 2022|8.11|8.20|8.01|8.20|7.36|4,958,936
09 May 2022|8.27|8.45|8.25|8.29|7.45|2,654,347
06 May 2022|8.25|8.37|8.22|8.35|7.50|3,507,576
05 May 2022|8.34|8.46|8.26|8.42|7.56|3,654,952
04 May 2022|8.32|8.41|8.16|8.23|7.39|4,491,633
03 May 2022|8.58|8.62|8.30|8.35|7.50|5,826,540
02 May 2022|8.47|8.73|8.39|8.62|7.74|5,197,611
29 Apr 2022|8.51|8.68|8.47|8.68|7.80|3,463,490
28 Apr 2022|8.32|8.49|8.29|8.49|7.63|4,129,276
27 Apr 2022|8.29|8.35|8.25|8.30|7.45|3,643,143
26 Apr 2022|8.27|8.46|8.23|8.41|7.55|3,576,715
22 Apr 2022|8.59|8.63|8.45|8.48|7.62|5,734,529
21 Apr 2022|8.56|8.79|8.54|8.65|7.77|4,707,959
20 Apr 2022|8.48|8.56|8.19|8.52|7.65|12,775,856
19 Apr 2022|8.67|8.84|8.65|8.80|7.90|2,794,655
14 Apr 2022|8.63|8.69|8.56|8.64|7.76|4,206,046
13 Apr 2022|8.60|8.62|8.44|8.57|7.70|4,151,064
12 Apr 2022|8.42|8.58|8.39|8.58|7.71|4,170,500
11 Apr 2022|8.50|8.57|8.34|8.41|7.55|3,534,540
08 Apr 2022|8.52|8.57|8.36|8.45|7.59|4,825,841
07 Apr 2022|8.34|8.54|8.33|8.51|7.64|5,785,853
06 Apr 2022|8.23|8.34|8.18|8.31|7.46|3,476,071
05 Apr 2022|8.14|8.31|8.14|8.24|7.40|7,075,138
04 Apr 2022|7.85|8.08|7.85|8.03|7.21|5,356,579
01 Apr 2022|7.70|7.85|7.61|7.81|7.01|3,296,017
31 Mar 2022|7.74|7.76|7.68|7.72|6.93|2,466,163
30 Mar 2022|7.70|7.81|7.67|7.74|6.95|4,474,536
29 Mar 2022|7.58|7.66|7.55|7.63|6.85|2,672,012
28 Mar 2022|7.59|7.68|7.52|7.59|6.82|3,282,453
25 Mar 2022|7.61|7.65|7.46|7.58|6.81|3,747,265
24 Mar 2022|7.25|7.52|7.25|7.48|6.72|4,326,387
23 Mar 2022|7.23|7.38|7.20|7.27|6.53|3,771,131
22 Mar 2022|7.30|7.32|7.22|7.28|6.54|2,087,439
21 Mar 2022|7.27|7.30|7.22|7.27|6.53|2,082,103
18 Mar 2022|7.21|7.27|7.19|7.21|6.48|7,586,804
17 Mar 2022|7.25|7.33|7.17|7.21|6.48|3,730,348
16 Mar 2022|7.19|7.24|7.08|7.23|6.49|3,042,601
15 Mar 2022|7.30|7.33|7.20|7.20|6.47|4,079,231
14 Mar 2022|7.34|7.44|7.27|7.37|6.62|3,679,576
11 Mar 2022|7.30|7.38|7.23|7.32|6.57|3,154,116
10 Mar 2022|7.33|7.33|7.22|7.27|6.53|3,561,007
09 Mar 2022|7.26|7.36|7.20|7.33|6.58|3,458,227
08 Mar 2022|7.30|7.40|7.24|7.28|6.54|4,170,774
07 Mar 2022|7.35|7.49|7.20|7.30|6.56|4,865,573
04 Mar 2022|7.32|7.43|7.25|7.43|6.67|4,847,964
03 Mar 2022|7.48|7.49|7.36|7.36|6.61|3,337,602
02 Mar 2022|7.36|7.45|7.27|7.37|6.62|4,415,612
01 Mar 2022|7.52|7.59|7.38|7.42|6.66|4,633,794
28 Feb 2022|7.50|7.58|7.43|7.52|6.75|4,185,937
25 Feb 2022|7.60|7.63|7.42|7.49|6.73|4,636,923
24 Feb 2022|7.60|7.65|7.55|7.60|6.83|5,771,839
23 Feb 2022|7.70|7.77|7.51|7.65|6.87|7,760,055
23 Feb 2022|0.16Dividend
22 Feb 2022|8.01|8.01|7.72|7.85|6.91|5,439,119
21 Feb 2022|7.55|8.09|7.55|7.92|6.97|16,762,457
18 Feb 2022|7.24|7.29|7.16|7.16|6.30|3,578,579
17 Feb 2022|7.32|7.48|7.18|7.28|6.41|4,709,895
16 Feb 2022|7.10|7.31|7.10|7.28|6.41|4,994,535
15 Feb 2022|7.13|7.16|6.98|7.10|6.25|2,776,016
14 Feb 2022|6.85|7.19|6.82|7.16|6.30|5,492,912
11 Feb 2022|7.14|7.14|6.76|6.84|6.02|7,747,725
10 Feb 2022|7.56|7.82|7.27|7.27|6.40|9,494,872
09 Feb 2022|7.35|7.53|7.28|7.53|6.63|3,697,619
08 Feb 2022|7.25|7.38|7.20|7.33|6.45|2,650,705
07 Feb 2022|7.38|7.43|7.26|7.26|6.39|3,707,180
04 Feb 2022|7.14|7.38|7.13|7.38|6.49|2,663,814
03 Feb 2022|7.27|7.30|7.13|7.20|6.34|3,041,016
02 Feb 2022|7.34|7.45|7.25|7.25|6.38|3,589,155
01 Feb 2022|7.13|7.29|7.08|7.28|6.41|3,193,651
31 Jan 2022|7.06|7.14|7.02|7.10|6.25|3,315,435
28 Jan 2022|7.15|7.23|6.98|7.06|6.21|7,822,759
27 Jan 2022|7.04|7.33|6.89|7.00|6.16|8,085,560
25 Jan 2022|7.00|7.06|6.82|7.04|6.19|7,468,975
24 Jan 2022|7.22|7.23|7.08|7.10|6.25|5,051,130
21 Jan 2022|7.41|7.42|7.21|7.30|6.42|5,832,305
20 Jan 2022|7.31|7.46|7.31|7.45|6.55|3,505,517
19 Jan 2022|7.28|7.34|7.20|7.31|6.43|4,152,697
18 Jan 2022|7.48|7.48|7.26|7.35|6.47|4,601,437
17 Jan 2022|7.50|7.61|7.35|7.44|6.55|4,304,025
14 Jan 2022|7.31|7.47|7.28|7.47|6.57|5,193,149
13 Jan 2022|7.18|7.27|7.08|7.27|6.40|5,419,823
12 Jan 2022|7.02|7.25|7.02|7.03|6.19|5,547,276
11 Jan 2022|6.82|7.00|6.78|6.96|6.12|4,878,126
10 Jan 2022|6.47|6.84|6.46|6.82|6.00|7,526,684
07 Jan 2022|6.20|6.30|6.19|6.28|5.53|2,069,595
06 Jan 2022|6.38|6.38|6.16|6.17|5.43|3,417,441
05 Jan 2022|6.32|6.41|6.30|6.38|5.61|3,104,986
04 Jan 2022|6.18|6.31|6.16|6.31|5.55|3,348,951
31 Dec 2021|6.16|6.21|6.14|6.14|5.40|1,939,759
30 Dec 2021|6.18|6.18|6.11|6.16|5.42|1,993,180
29 Dec 2021|6.24|6.25|6.15|6.18|5.44|2,110,308
24 Dec 2021|6.15|6.23|6.14|6.16|5.42|1,624,722
23 Dec 2021|6.11|6.16|6.08|6.09|5.36|1,944,313
22 Dec 2021|6.14|6.19|6.05|6.07|5.34|2,255,091
21 Dec 2021|6.00|6.15|5.95|6.14|5.40|3,795,595
20 Dec 2021|6.00|6.04|5.89|6.02|5.30|2,722,578
17 Dec 2021|5.89|6.06|5.89|5.96|5.24|10,194,977
16 Dec 2021|5.94|5.99|5.83|5.86|5.16|5,204,547
15 Dec 2021|5.80|6.00|5.78|5.94|5.23|6,479,212
14 Dec 2021|5.83|5.86|5.72|5.80|5.10|5,349,673
13 Dec 2021|5.95|5.98|5.82|5.88|5.17|4,258,740
10 Dec 2021|5.80|5.94|5.78|5.90|5.19|5,351,202
09 Dec 2021|5.58|5.85|5.58|5.84|5.14|6,104,405
08 Dec 2021|5.53|5.59|5.47|5.58|4.91|4,893,969
07 Dec 2021|5.52|5.54|5.33|5.52|4.86|6,275,757
06 Dec 2021|5.57|5.62|5.51|5.53|4.87|4,467,672
03 Dec 2021|5.45|5.57|5.40|5.55|4.88|5,808,350
02 Dec 2021|5.22|5.48|5.21|5.47|4.81|5,278,104
01 Dec 2021|5.27|5.40|5.22|5.26|4.63|6,426,779
30 Nov 2021|5.33|5.40|5.23|5.40|4.75|59,704,545
29 Nov 2021|5.22|5.35|5.21|5.33|4.69|6,702,951
26 Nov 2021|5.40|5.41|5.25|5.26|4.63|4,017,860
25 Nov 2021|5.39|5.42|5.32|5.38|4.73|4,775,581
24 Nov 2021|5.40|5.46|5.34|5.38|4.73|6,058,070
23 Nov 2021|5.24|5.36|5.23|5.36|4.72|6,473,550
22 Nov 2021|5.11|5.25|5.10|5.24|4.61|4,875,663
19 Nov 2021|5.17|5.20|5.11|5.13|4.51|4,463,521
18 Nov 2021|5.26|5.26|5.14|5.19|4.57|4,577,245
17 Nov 2021|5.12|5.28|5.12|5.27|4.64|6,515,217
16 Nov 2021|5.30|5.30|5.10|5.10|4.49|9,249,263
15 Nov 2021|5.38|5.39|5.29|5.30|4.66|4,510,810
12 Nov 2021|5.37|5.44|5.36|5.38|4.73|5,314,307
11 Nov 2021|5.44|5.45|5.34|5.35|4.71|4,007,371
10 Nov 2021|5.38|5.49|5.34|5.46|4.80|4,007,904
09 Nov 2021|5.55|5.55|5.36|5.36|4.72|6,494,357
08 Nov 2021|5.60|5.67|5.50|5.52|4.86|3,082,382
05 Nov 2021|5.55|5.60|5.52|5.60|4.93|2,344,067
04 Nov 2021|5.60|5.61|5.52|5.53|4.87|2,671,982
03 Nov 2021|5.57|5.68|5.57|5.61|4.94|2,386,190
02 Nov 2021|5.67|5.68|5.56|5.56|4.89|2,337,422
01 Nov 2021|5.75|5.75|5.63|5.65|4.97|3,934,885
29 Oct 2021|5.70|5.78|5.68|5.72|5.03|4,175,086
28 Oct 2021|5.80|5.85|5.66|5.68|5.00|5,336,877
27 Oct 2021|6.04|6.05|5.78|5.79|5.09|9,143,362
26 Oct 2021|6.23|6.24|6.03|6.03|5.31|4,419,337
25 Oct 2021|6.09|6.23|6.08|6.22|5.47|3,915,972
22 Oct 2021|6.08|6.13|6.04|6.08|5.35|4,514,434
21 Oct 2021|6.16|6.17|6.02|6.11|5.38|5,360,768
20 Oct 2021|6.13|6.19|6.09|6.16|5.42|3,824,656
19 Oct 2021|6.02|6.12|6.00|6.11|5.38|4,465,716
18 Oct 2021|6.06|6.09|5.96|6.02|5.30|3,704,467
15 Oct 2021|6.02|6.07|6.00|6.00|5.28|3,241,420
14 Oct 2021|6.04|6.06|5.95|6.01|5.29|4,041,220
13 Oct 2021|5.97|6.05|5.93|6.04|5.31|3,441,718
12 Oct 2021|6.15|6.21|5.95|5.95|5.24|6,024,145
11 Oct 2021|6.26|6.32|6.10|6.16|5.42|4,998,735
08 Oct 2021|6.17|6.28|6.12|6.25|5.50|6,170,610
07 Oct 2021|5.87|6.15|5.86|6.11|5.38|7,938,860
06 Oct 2021|5.85|5.85|5.75|5.78|5.09|5,056,045
05 Oct 2021|5.96|6.03|5.72|5.74|5.05|6,420,691
04 Oct 2021|5.82|5.92|5.82|5.90|5.19|3,989,588
01 Oct 2021|5.75|5.82|5.70|5.79|5.09|3,545,821
30 Sept 2021|5.89|5.94|5.73|5.78|5.09|6,869,461
29 Sept 2021|5.63|5.89|5.62|5.87|5.16|6,098,208
28 Sept 2021|5.83|5.85|5.59|5.68|5.00|9,564,636
27 Sept 2021|5.98|6.04|5.89|5.89|5.18|6,314,495
24 Sept 2021|6.07|6.15|5.93|5.97|5.25|7,447,821
23 Sept 2021|5.85|6.07|5.85|5.98|5.26|9,678,497
22 Sept 2021|5.49|5.82|5.43|5.68|5.00|9,839,868
21 Sept 2021|5.28|5.53|5.22|5.52|4.86|17,074,252
20 Sept 2021|5.49|5.53|5.27|5.33|4.69|11,874,319
17 Sept 2021|5.87|5.87|5.52|5.52|4.86|24,078,931
16 Sept 2021|5.79|5.97|5.78|5.91|5.20|9,394,913
15 Sept 2021|6.19|6.26|5.85|5.85|5.15|15,077,759
14 Sept 2021|6.03|6.40|6.01|6.32|5.56|8,473,467
13 Sept 2021|6.10|6.10|5.97|6.07|5.34|6,437,672
10 Sept 2021|6.17|6.29|6.11|6.11|5.38|4,303,119
09 Sept 2021|6.25|6.33|6.16|6.16|5.42|6,154,617
08 Sept 2021|6.27|6.33|6.19|6.25|5.50|7,276,193
07 Sept 2021|6.42|6.46|6.33|6.34|5.58|3,802,291
06 Sept 2021|6.36|6.47|6.22|6.44|5.67|6,111,751
03 Sept 2021|6.39|6.51|6.34|6.41|5.64|3,808,611
02 Sept 2021|6.62|6.73|6.36|6.39|5.62|7,073,527
01 Sept 2021|6.45|6.63|6.29|6.59|5.80|7,020,190
31 Aug 2021|6.53|6.56|6.45|6.45|5.68|8,022,861
30 Aug 2021|6.81|6.81|6.52|6.53|5.75|5,226,153
27 Aug 2021|6.75|6.82|6.68|6.81|5.99|4,248,302
26 Aug 2021|6.94|6.95|6.70|6.71|5.90|5,265,460
25 Aug 2021|6.81|7.01|6.72|6.93|6.10|3,696,393
25 Aug 2021|0.34Dividend
24 Aug 2021|7.09|7.20|7.09|7.18|6.02|3,268,187
23 Aug 2021|7.20|7.20|7.07|7.09|5.94|2,738,140
20 Aug 2021|7.23|7.27|7.08|7.15|5.99|4,664,638
19 Aug 2021|7.29|7.34|7.20|7.20|6.04|3,813,471
18 Aug 2021|7.22|7.43|7.21|7.35|6.16|3,366,267
17 Aug 2021|7.37|7.38|7.21|7.21|6.04|3,710,574
16 Aug 2021|7.47|7.47|7.36|7.41|6.21|3,279,770
13 Aug 2021|7.22|7.58|7.22|7.47|6.26|6,803,406
12 Aug 2021|7.36|7.51|7.17|7.18|6.02|10,713,906
11 Aug 2021|7.46|7.60|7.42|7.60|6.37|3,287,454
10 Aug 2021|7.48|7.49|7.39|7.44|6.24|2,089,333
09 Aug 2021|7.44|7.47|7.33|7.46|6.25|2,472,709
06 Aug 2021|7.49|7.56|7.41|7.45|6.24|2,259,255
05 Aug 2021|7.46|7.54|7.41|7.51|6.29|3,003,592
04 Aug 2021|7.50|7.50|7.41|7.47|6.26|1,801,352
03 Aug 2021|7.47|7.54|7.37|7.44|6.24|2,807,627
02 Aug 2021|7.23|7.53|7.20|7.46|6.25|4,291,386
30 July 2021|7.35|7.40|7.15|7.23|6.06|8,075,656
29 July 2021|7.50|7.64|7.42|7.45|6.24|3,896,877
28 July 2021|7.73|7.74|7.45|7.45|6.24|4,865,399
27 July 2021|7.86|7.87|7.71|7.71|6.46|3,536,024
26 July 2021|8.00|8.01|7.86|7.87|6.60|2,127,434
23 July 2021|7.91|7.99|7.91|7.99|6.70|1,376,042
22 July 2021|7.93|7.98|7.87|7.98|6.69|2,198,862
21 July 2021|7.95|8.00|7.90|7.91|6.63|2,968,060
20 July 2021|7.96|7.96|7.81|7.87|6.60|4,691,254
19 July 2021|8.08|8.09|7.98|8.06|6.76|2,558,295
16 July 2021|8.05|8.18|8.01|8.10|6.79|3,498,336
15 July 2021|8.28|8.34|8.02|8.05|6.75|4,143,614
14 July 2021|8.10|8.23|8.08|8.21|6.88|3,116,909
13 July 2021|8.12|8.13|8.03|8.07|6.76|2,628,557
12 July 2021|8.21|8.22|8.08|8.09|6.78|2,231,830
09 July 2021|8.08|8.18|8.05|8.14|6.82|2,167,003
08 July 2021|8.12|8.23|8.10|8.14|6.82|2,438,948
07 July 2021|8.15|8.26|8.12|8.15|6.83|2,714,034
06 July 2021|8.11|8.20|8.10|8.11|6.80|2,113,173
05 July 2021|8.13|8.24|8.08|8.08|6.77|2,255,864
02 July 2021|8.14|8.26|8.09|8.13|6.81|3,273,542
01 July 2021|8.20|8.37|8.00|8.10|6.79|5,616,037
30 June 2021|9.00|9.00|8.20|8.20|6.87|10,012,258
29 June 2021|8.91|9.15|8.91|9.11|7.64|3,476,892
28 June 2021|9.01|9.01|8.87|8.99|7.54|2,836,249
25 June 2021|9.01|9.08|8.96|9.03|7.57|1,805,757
24 June 2021|9.05|9.08|8.93|9.01|7.55|2,841,759
23 June 2021|9.19|9.19|9.06|9.13|7.65|3,955,850
22 June 2021|9.24|9.38|9.20|9.21|7.72|2,414,801
21 June 2021|9.26|9.28|9.11|9.14|7.66|2,935,980
18 June 2021|9.32|9.38|9.24|9.34|7.83|6,044,780
17 June 2021|9.36|9.40|9.22|9.31|7.80|3,009,874
16 June 2021|9.38|9.54|9.34|9.41|7.89|3,007,134
15 June 2021|9.36|9.38|9.26|9.36|7.85|4,253,466
11 June 2021|9.33|9.43|9.19|9.32|7.81|3,136,057
10 June 2021|9.25|9.33|9.08|9.30|7.80|3,661,265
09 June 2021|9.16|9.23|9.06|9.16|7.68|2,449,684
08 June 2021|9.15|9.18|9.03|9.15|7.67|3,162,692
07 June 2021|8.90|9.08|8.77|9.08|7.61|3,922,959
04 June 2021|8.74|8.94|8.70|8.82|7.39|5,073,686
03 June 2021|8.51|8.73|8.48|8.66|7.26|6,020,007
02 June 2021|8.05|8.35|8.04|8.35|7.00|4,537,511
01 June 2021|8.14|8.17|8.03|8.03|6.73|2,288,111
31 May 2021|8.29|8.30|8.08|8.12|6.81|2,661,751
28 May 2021|8.19|8.28|8.13|8.27|6.93|3,113,136
27 May 2021|8.27|8.40|8.17|8.19|6.86|7,355,513
26 May 2021|8.17|8.37|8.15|8.24|6.91|2,693,531
25 May 2021|8.27|8.31|8.12|8.18|6.86|3,155,860
24 May 2021|8.33|8.34|8.14|8.26|6.92|3,116,338
21 May 2021|8.23|8.33|8.16|8.33|6.98|4,488,470
20 May 2021|8.02|8.23|7.99|8.23|6.90|4,956,477
19 May 2021|8.30|8.31|7.97|8.04|6.74|5,097,672
18 May 2021|8.38|8.45|8.33|8.37|7.02|2,014,061
17 May 2021|8.54|8.54|8.38|8.39|7.03|2,247,730
14 May 2021|8.52|8.62|8.49|8.51|7.13|2,061,731
13 May 2021|8.65|8.69|8.47|8.47|7.10|4,591,719
12 May 2021|8.80|8.82|8.56|8.71|7.30|2,928,394
11 May 2021|8.87|8.94|8.80|8.80|7.38|1,859,627
10 May 2021|8.81|8.86|8.68|8.85|7.42|2,577,103
07 May 2021|9.10|9.12|8.81|8.81|7.38|3,437,344
06 May 2021|9.10|9.17|9.02|9.08|7.61|3,601,036
05 May 2021|9.10|9.15|8.99|9.10|7.63|2,308,664
04 May 2021|8.94|9.12|8.88|9.07|7.60|2,763,072
03 May 2021|9.00|9.03|8.86|8.90|7.46|2,194,658
30 Apr 2021|8.90|8.98|8.85|8.93|7.49|3,497,932
29 Apr 2021|8.62|8.89|8.61|8.85|7.42|2,952,132
28 Apr 2021|8.70|8.73|8.60|8.60|7.21|2,674,431
27 Apr 2021|8.72|8.74|8.59|8.70|7.29|3,624,985
26 Apr 2021|8.71|8.88|8.70|8.73|7.32|3,330,670
23 Apr 2021|8.85|8.89|8.70|8.71|7.30|3,005,607
22 Apr 2021|8.85|8.94|8.65|8.80|7.38|7,263,225
21 Apr 2021|9.11|9.14|8.91|9.06|7.59|3,111,841
20 Apr 2021|9.21|9.24|9.12|9.15|7.67|1,834,154
19 Apr 2021|9.25|9.32|9.18|9.25|7.75|1,894,452
16 Apr 2021|9.43|9.44|9.15|9.19|7.70|6,040,347
15 Apr 2021|9.44|9.49|9.36|9.38|7.86|2,737,679
14 Apr 2021|9.47|9.48|9.39|9.41|7.89|2,698,924
13 Apr 2021|9.61|9.63|9.41|9.41|7.89|4,217,653
12 Apr 2021|9.64|9.69|9.53|9.60|8.05|2,225,898
09 Apr 2021|9.73|9.74|9.55|9.64|8.08|3,107,223
08 Apr 2021|9.69|9.83|9.64|9.74|8.16|2,370,381
07 Apr 2021|9.68|9.74|9.60|9.65|8.09|3,100,541
06 Apr 2021|9.75|9.77|9.64|9.67|8.11|2,337,566
01 Apr 2021|9.70|9.79|9.64|9.72|8.15|2,495,516
31 Mar 2021|9.66|9.77|9.52|9.65|8.09|6,034,837
30 Mar 2021|10.43|10.51|9.79|9.81|8.22|7,248,323
29 Mar 2021|10.32|10.37|10.14|10.17|8.52|1,932,100
26 Mar 2021|10.50|10.50|10.26|10.32|8.65|3,163,256
25 Mar 2021|10.35|10.53|10.18|10.37|8.69|4,040,540
24 Mar 2021|10.67|10.67|10.17|10.34|8.67|4,756,186
23 Mar 2021|10.00|10.63|9.99|10.47|8.78|6,516,170
22 Mar 2021|9.75|10.08|9.70|9.96|8.35|5,802,796
19 Mar 2021|9.48|9.69|9.41|9.65|8.09|11,599,793
18 Mar 2021|9.56|9.64|9.43|9.44|7.91|5,011,822
17 Mar 2021|9.77|9.88|9.60|9.69|8.12|3,537,214
16 Mar 2021|9.83|9.90|9.72|9.76|8.18|4,316,863
15 Mar 2021|9.89|9.93|9.79|9.84|8.25|2,553,806
12 Mar 2021|9.71|9.84|9.70|9.83|8.24|2,046,891
11 Mar 2021|9.71|9.75|9.60|9.67|8.11|2,510,469
10 Mar 2021|9.83|9.83|9.63|9.70|8.13|3,058,459
09 Mar 2021|9.74|9.83|9.62|9.77|8.19|3,672,556
08 Mar 2021|9.75|9.79|9.56|9.57|8.02|2,567,473
05 Mar 2021|9.41|9.72|9.35|9.64|8.08|3,907,831
04 Mar 2021|9.43|9.54|9.37|9.45|7.92|3,169,832
03 Mar 2021|9.47|9.57|9.43|9.48|7.95|2,451,280
02 Mar 2021|9.55|9.66|9.44|9.45|7.92|2,755,351
01 Mar 2021|9.37|9.59|9.36|9.44|7.91|3,449,675
26 Feb 2021|9.68|9.72|9.37|9.37|7.85|5,666,679
25 Feb 2021|9.65|9.79|9.57|9.68|8.11|3,241,817
24 Feb 2021|9.65|9.73|9.54|9.62|8.06|4,563,269
24 Feb 2021|0.1Dividend
23 Feb 2021|10.01|10.17|10.00|10.07|8.36|3,725,364
22 Feb 2021|10.06|10.17|9.97|10.01|8.31|3,198,038
19 Feb 2021|10.10|10.13|9.94|10.10|8.38|5,576,413
18 Feb 2021|10.32|10.35|10.12|10.15|8.42|4,586,808
17 Feb 2021|10.57|10.58|10.31|10.36|8.60|4,009,615
16 Feb 2021|10.65|10.78|10.53|10.60|8.80|2,969,642
15 Feb 2021|11.06|11.12|10.63|10.63|8.82|5,031,695
12 Feb 2021|11.33|11.41|11.02|11.05|9.17|3,140,048
11 Feb 2021|11.10|11.38|11.04|11.30|9.38|2,393,658
10 Feb 2021|10.96|11.25|10.96|11.16|9.26|3,014,369
09 Feb 2021|11.10|11.14|10.93|10.93|9.07|3,146,841
08 Feb 2021|11.36|11.38|11.12|11.16|9.26|2,665,791
05 Feb 2021|11.30|11.43|11.25|11.39|9.45|2,932,016
04 Feb 2021|11.56|11.63|11.02|11.42|9.48|7,440,132
03 Feb 2021|11.64|11.95|11.61|11.85|9.83|2,902,164
02 Feb 2021|11.45|11.66|11.45|11.57|9.60|2,301,101
01 Feb 2021|11.45|11.51|11.27|11.45|9.50|2,880,397
29 Jan 2021|11.70|11.74|11.41|11.47|9.52|7,438,320
28 Jan 2021|11.55|11.71|11.51|11.64|9.66|3,400,336
27 Jan 2021|11.63|11.67|11.40|11.55|9.59|3,831,309
25 Jan 2021|11.82|11.85|11.61|11.65|9.67|1,990,298
22 Jan 2021|11.85|11.88|11.71|11.78|9.78|2,293,068
21 Jan 2021|11.95|11.96|11.78|11.86|9.84|2,131,312
20 Jan 2021|11.79|11.93|11.68|11.86|9.84|2,595,576
19 Jan 2021|11.90|11.92|11.75|11.80|9.79|2,568,134
18 Jan 2021|12.04|12.10|11.85|11.86|9.84|2,251,613
15 Jan 2021|12.14|12.22|12.00|12.00|9.96|2,857,535
14 Jan 2021|12.08|12.26|12.04|12.19|10.12|2,356,635
13 Jan 2021|11.94|12.10|11.87|12.07|10.02|2,199,520
12 Jan 2021|12.15|12.17|11.95|11.95|9.92|3,086,612
11 Jan 2021|12.07|12.26|12.05|12.23|10.15|2,281,324
08 Jan 2021|12.10|12.14|12.02|12.07|10.02|1,680,334
07 Jan 2021|12.11|12.17|12.03|12.10|10.04|1,836,842
06 Jan 2021|12.00|12.17|11.98|12.03|9.98|2,280,008
05 Jan 2021|12.00|12.07|11.96|12.00|9.96|2,076,454
04 Jan 2021|12.00|12.14|11.96|12.12|10.06|1,246,222
31 Dec 2020|12.06|12.07|11.95|11.95|9.92|1,195,226
30 Dec 2020|12.07|12.12|12.01|12.07|10.02|1,530,156
29 Dec 2020|12.13|12.18|11.98|12.05|10.00|2,098,579
24 Dec 2020|12.11|12.19|12.06|12.06|10.01|882,108
23 Dec 2020|12.01|12.43|12.01|12.04|9.99|3,584,468
22 Dec 2020|12.44|12.52|11.96|11.97|9.93|6,236,245
21 Dec 2020|13.19|13.22|12.38|12.54|10.41|5,046,815
18 Dec 2020|13.08|13.30|12.97|13.22|10.97|8,539,834
17 Dec 2020|12.82|13.11|12.80|13.08|10.85|3,758,533
16 Dec 2020|13.00|13.05|12.87|12.87|10.68|2,555,267
15 Dec 2020|13.31|13.33|12.85|12.85|10.66|6,097,223
14 Dec 2020|13.33|13.63|13.33|13.51|11.21|2,563,091
11 Dec 2020|13.48|13.55|13.29|13.33|11.06|2,821,471
10 Dec 2020|13.30|13.54|13.27|13.45|11.16|2,802,436
09 Dec 2020|13.30|13.48|13.28|13.34|11.07|2,494,518
08 Dec 2020|13.36|13.38|13.21|13.30|11.04|3,155,196
07 Dec 2020|13.55|13.59|13.32|13.37|11.10|2,448,933
04 Dec 2020|13.50|13.74|13.50|13.52|11.22|2,257,356
03 Dec 2020|13.68|13.74|13.44|13.46|11.17|3,607,093
02 Dec 2020|13.55|13.66|13.49|13.62|11.30|1,543,418
01 Dec 2020|13.47|13.59|13.32|13.54|11.24|2,010,935
30 Nov 2020|13.75|13.86|13.50|13.50|11.20|4,423,973
27 Nov 2020|14.12|14.17|13.68|13.72|11.39|2,881,147
26 Nov 2020|14.05|14.38|14.01|14.15|11.74|3,125,000
25 Nov 2020|13.64|14.05|13.64|13.93|11.56|4,676,198
24 Nov 2020|13.48|13.60|13.43|13.46|11.17|2,704,848
23 Nov 2020|13.18|13.49|13.12|13.39|11.11|2,338,042
20 Nov 2020|13.03|13.17|12.98|13.09|10.86|2,241,024
19 Nov 2020|12.87|13.10|12.85|12.97|10.76|2,182,496
18 Nov 2020|12.87|13.02|12.82|12.87|10.68|4,005,739
17 Nov 2020|13.08|13.12|12.85|12.89|10.70|4,361,130
16 Nov 2020|13.00|13.11|12.97|13.09|10.86|168,413
13 Nov 2020|13.04|13.04|12.79|12.87|10.68|2,341,081
12 Nov 2020|13.35|13.39|13.05|13.10|10.87|2,277,885
11 Nov 2020|13.29|13.35|13.14|13.34|11.07|2,420,761
10 Nov 2020|13.05|13.29|13.01|13.23|10.98|2,721,432
09 Nov 2020|12.87|12.99|12.76|12.81|10.63|1,861,147
06 Nov 2020|12.87|12.91|12.72|12.85|10.66|1,806,853
05 Nov 2020|12.80|12.93|12.76|12.93|10.73|1,799,469
04 Nov 2020|12.90|12.98|12.66|12.81|10.63|2,427,967
03 Nov 2020|12.81|12.96|12.76|12.90|10.71|1,730,364
02 Nov 2020|12.48|12.73|12.46|12.71|10.55|2,057,842
30 Oct 2020|12.64|12.73|12.48|12.48|10.36|3,385,481
29 Oct 2020|12.82|12.98|12.62|12.62|10.47|3,078,162
28 Oct 2020|12.81|12.98|12.73|12.93|10.73|2,487,910
27 Oct 2020|13.10|13.14|12.80|12.87|10.68|2,795,442
26 Oct 2020|13.15|13.24|13.05|13.19|10.95|1,672,712
23 Oct 2020|13.20|13.24|13.14|13.15|10.91|1,353,926
22 Oct 2020|13.26|13.28|13.08|13.10|10.87|1,941,382
21 Oct 2020|13.38|13.41|13.26|13.29|11.03|2,286,639
20 Oct 2020|13.50|13.58|13.38|13.38|11.10|1,940,738
19 Oct 2020|13.50|13.55|13.47|13.51|11.21|1,179,816
16 Oct 2020|13.62|13.63|13.42|13.45|11.16|2,339,714
15 Oct 2020|13.50|13.75|13.43|13.68|11.35|3,380,985
14 Oct 2020|13.48|13.65|13.43|13.45|11.16|2,214,709
13 Oct 2020|13.45|13.62|13.39|13.59|11.28|2,934,643
12 Oct 2020|13.45|13.50|13.29|13.35|11.08|2,485,475
09 Oct 2020|13.43|13.64|13.31|13.50|11.20|2,988,348
08 Oct 2020|13.55|13.69|13.38|13.45|11.16|3,275,973
07 Oct 2020|13.65|13.76|13.50|13.61|11.29|3,967,698
06 Oct 2020|13.88|13.88|13.61|13.70|11.37|1,463,923
05 Oct 2020|13.65|13.92|13.65|13.85|11.49|1,106,960
02 Oct 2020|13.60|13.64|13.48|13.50|11.20|2,239,693
01 Oct 2020|13.74|13.84|13.62|13.67|11.34|2,148,777
30 Sept 2020|14.09|14.10|13.59|13.62|11.30|4,400,193
29 Sept 2020|14.42|14.42|14.06|14.10|11.70|2,328,945
28 Sept 2020|14.35|14.47|14.23|14.35|11.91|1,422,029
25 Sept 2020|14.24|14.46|14.21|14.35|11.91|2,284,517
24 Sept 2020|13.98|14.31|13.96|14.23|11.81|2,658,082
23 Sept 2020|13.91|14.17|13.90|14.13|11.73|4,550,752
22 Sept 2020|14.06|14.14|13.78|13.82|11.47|3,037,735
21 Sept 2020|14.17|14.24|14.05|14.13|11.73|2,082,137
18 Sept 2020|14.40|14.43|14.24|14.27|11.84|4,046,577
17 Sept 2020|14.42|14.55|14.40|14.42|11.97|3,336,078
16 Sept 2020|14.49|14.58|14.43|14.47|12.01|2,699,723
15 Sept 2020|14.76|14.82|14.46|14.50|12.03|3,553,141
14 Sept 2020|14.76|14.94|14.68|14.72|12.22|2,066,213
11 Sept 2020|14.82|14.89|14.72|14.76|12.25|2,148,398
10 Sept 2020|15.01|15.07|14.82|14.93|12.39|2,241,630
09 Sept 2020|14.95|15.01|14.81|14.90|12.37|1,954,045
08 Sept 2020|15.05|15.21|15.01|15.12|12.55|2,143,496
07 Sept 2020|14.97|15.05|14.81|15.02|12.46|1,499,993
04 Sept 2020|15.06|15.10|14.94|15.02|12.46|2,101,107
03 Sept 2020|15.21|15.37|15.12|15.25|12.66|2,831,338
02 Sept 2020|14.92|15.12|14.92|15.06|12.50|2,851,065
01 Sept 2020|14.90|15.08|14.79|14.90|12.37|3,414,505
31 Aug 2020|14.80|14.87|14.68|14.80|12.28|3,235,767
28 Aug 2020|14.82|14.90|14.70|14.79|12.27|1,808,266
27 Aug 2020|14.98|15.03|14.77|14.84|12.32|2,879,633
26 Aug 2020|14.95|15.14|14.85|15.07|12.51|2,771,851
26 Aug 2020|0.51Dividend
25 Aug 2020|15.57|15.58|15.43|15.54|12.47|3,275,296
24 Aug 2020|15.55|15.61|15.48|15.53|12.46|2,107,331
21 Aug 2020|15.46|15.56|15.42|15.49|12.43|2,742,043
20 Aug 2020|15.46|15.60|15.44|15.44|12.39|2,626,154
19 Aug 2020|15.38|15.66|15.37|15.48|12.42|3,686,512
18 Aug 2020|15.45|15.51|15.34|15.42|12.38|2,237,557
17 Aug 2020|15.31|15.50|15.31|15.44|12.39|3,091,430
14 Aug 2020|15.36|15.54|15.31|15.32|12.30|4,088,530
13 Aug 2020|16.20|16.20|15.15|15.36|12.33|10,907,109
12 Aug 2020|16.95|17.13|16.85|16.99|13.64|1,463,884
11 Aug 2020|16.98|17.16|16.92|17.03|13.67|1,522,404
10 Aug 2020|16.80|17.10|16.76|17.04|13.68|1,557,146
07 Aug 2020|16.74|16.88|16.74|16.80|13.48|1,362,494
06 Aug 2020|16.77|16.89|16.70|16.79|13.48|1,740,872
05 Aug 2020|16.95|17.00|16.74|16.83|13.51|1,493,590
04 Aug 2020|16.83|17.10|16.73|17.04|13.68|2,129,313
03 Aug 2020|16.57|16.80|16.50|16.68|13.39|1,977,959
31 July 2020|16.92|16.95|16.53|16.62|13.34|2,873,796
30 July 2020|17.07|17.11|16.88|16.93|13.59|1,455,293
29 July 2020|16.78|17.05|16.72|17.05|13.68|1,906,629
28 July 2020|16.85|16.90|16.65|16.65|13.36|1,940,133
27 July 2020|17.00|17.09|16.77|16.82|13.50|2,439,590
24 July 2020|17.02|17.23|16.99|17.23|13.83|1,067,330
23 July 2020|17.07|17.20|16.97|17.02|13.66|1,260,346
22 July 2020|17.25|17.27|17.06|17.06|13.69|1,526,480
21 July 2020|17.29|17.35|16.97|17.33|13.91|2,038,144
20 July 2020|17.45|17.51|17.36|17.40|13.97|930,547
17 July 2020|17.44|17.44|17.24|17.36|13.93|1,864,461
16 July 2020|17.54|17.54|17.24|17.43|13.99|1,214,737
15 July 2020|17.32|17.44|17.15|17.43|13.99|1,673,030
14 July 2020|17.39|17.44|17.21|17.30|13.89|2,103,367
13 July 2020|17.14|17.49|16.99|17.42|13.98|2,310,943
10 July 2020|16.87|17.05|16.76|16.89|13.56|1,508,939
09 July 2020|17.00|17.22|16.86|16.97|13.62|2,271,225
08 July 2020|17.18|17.44|17.05|17.07|13.70|1,636,026
07 July 2020|17.40|17.44|17.06|17.16|13.77|2,698,522
06 July 2020|17.60|17.72|17.38|17.46|14.01|1,503,119
03 July 2020|17.51|17.69|17.47|17.59|14.12|1,187,010
02 July 2020|17.40|17.52|17.28|17.47|14.02|1,715,790
01 July 2020|16.92|17.19|16.90|17.18|13.79|2,097,177
30 June 2020|16.70|17.14|16.61|17.05|13.68|3,382,959
29 June 2020|16.76|16.77|16.41|16.50|13.24|1,985,600
26 June 2020|16.85|16.92|16.71|16.90|13.56|2,611,519
25 June 2020|17.02|17.08|16.80|16.80|13.48|1,870,920
24 June 2020|17.18|17.20|17.02|17.19|13.80|2,490,115
23 June 2020|17.40|17.45|17.16|17.28|13.87|1,467,582
22 June 2020|17.12|17.40|17.07|17.23|13.83|1,403,795
19 June 2020|17.61|17.75|17.11|17.25|13.85|6,519,049
18 June 2020|17.39|17.66|17.26|17.56|14.09|2,941,805
17 June 2020|17.22|17.38|17.07|17.35|13.93|2,183,223
16 June 2020|17.25|17.39|17.02|17.25|13.85|2,620,525
15 June 2020|17.32|17.40|17.01|17.01|13.65|2,977,740
12 June 2020|17.48|17.58|17.32|17.46|14.01|2,559,086
11 June 2020|17.90|18.00|17.52|17.72|14.22|1,960,453
10 June 2020|18.01|18.21|17.92|18.10|14.53|1,859,663
09 June 2020|17.59|18.08|17.59|18.05|14.49|2,404,243
05 June 2020|17.50|17.65|17.41|17.49|14.04|1,880,328
04 June 2020|17.55|17.74|17.47|17.59|14.12|1,969,484
03 June 2020|17.16|17.44|17.11|17.40|13.97|1,575,618
02 June 2020|16.79|17.18|16.63|17.11|13.73|1,639,431
01 June 2020|16.72|16.82|16.62|16.82|13.50|1,452,404
29 May 2020|16.79|16.95|16.73|16.76|13.45|3,412,533
28 May 2020|17.07|17.28|16.96|17.02|13.66|1,817,552
27 May 2020|16.58|17.05|16.49|17.00|13.64|3,537,092
26 May 2020|16.62|16.97|16.55|16.81|13.49|1,938,408
25 May 2020|16.51|16.58|16.38|16.54|13.28|1,094,446
22 May 2020|16.37|16.47|16.32|16.36|13.13|1,382,165
21 May 2020|16.64|16.66|16.41|16.47|13.22|1,350,740
20 May 2020|16.51|16.69|16.41|16.55|13.28|1,311,909
19 May 2020|16.88|16.88|16.66|16.70|13.40|1,458,683
18 May 2020|16.64|16.71|16.47|16.54|13.28|1,439,570
15 May 2020|16.40|16.60|16.31|16.57|13.30|1,531,575
14 May 2020|16.46|16.56|16.20|16.20|13.00|2,107,485
13 May 2020|16.41|16.57|16.25|16.53|13.27|1,609,707
12 May 2020|16.67|16.88|16.51|16.56|13.29|1,854,967
11 May 2020|16.52|16.80|16.52|16.67|13.38|2,518,522
08 May 2020|16.50|16.59|16.37|16.49|13.24|1,594,728
07 May 2020|16.46|16.68|16.26|16.39|13.16|2,441,917
06 May 2020|16.33|16.56|16.28|16.48|13.23|1,887,338
05 May 2020|16.34|16.79|16.31|16.36|13.13|2,975,099
04 May 2020|16.26|16.46|16.26|16.34|13.12|2,403,426
01 May 2020|16.76|16.91|16.42|16.42|13.18|2,732,961
30 Apr 2020|16.90|17.09|16.75|16.96|13.61|4,262,528
29 Apr 2020|17.10|17.26|16.88|16.90|13.56|2,886,783
28 Apr 2020|17.35|17.44|16.98|17.09|13.72|2,201,876
27 Apr 2020|17.05|17.48|17.01|17.42|13.98|1,191,505
24 Apr 2020|17.01|17.29|16.88|17.10|13.73|2,190,349
23 Apr 2020|17.71|17.73|17.00|17.19|13.80|2,551,807
22 Apr 2020|16.78|17.43|16.62|17.32|13.90|2,713,503
21 Apr 2020|16.88|17.23|16.75|17.00|13.64|3,083,194
20 Apr 2020|17.50|17.72|16.97|17.03|13.67|2,218,038
17 Apr 2020|17.41|17.75|17.26|17.66|14.17|1,985,885
16 Apr 2020|17.04|17.44|17.02|17.22|13.82|3,529,302
15 Apr 2020|17.76|17.99|17.32|17.47|14.02|3,724,290
14 Apr 2020|17.41|17.76|17.21|17.75|14.25|2,753,436
09 Apr 2020|17.43|17.70|17.26|17.47|14.02|1,726,754
08 Apr 2020|17.25|17.49|16.95|17.24|13.84|2,626,904
07 Apr 2020|17.78|17.84|17.33|17.52|14.06|2,650,709
06 Apr 2020|17.13|17.80|16.94|17.68|14.19|2,417,092
03 Apr 2020|17.86|18.07|17.19|17.49|14.04|4,080,043
02 Apr 2020|17.10|17.87|16.89|17.56|14.09|2,882,084
01 Apr 2020|17.83|17.85|17.13|17.56|14.09|3,334,014
31 Mar 2020|17.28|17.86|17.05|17.19|13.80|4,190,750
30 Mar 2020|16.12|16.98|16.05|16.98|13.63|3,046,135
27 Mar 2020|16.40|16.44|15.82|15.93|12.79|4,120,022
26 Mar 2020|15.79|16.49|15.60|16.07|12.90|4,860,892
25 Mar 2020|16.59|16.91|15.18|15.50|12.44|4,857,379
24 Mar 2020|15.42|15.74|15.15|15.51|12.45|3,625,333
23 Mar 2020|15.56|16.05|15.23|15.45|12.40|4,324,059
20 Mar 2020|16.62|17.24|16.30|16.42|13.18|6,324,482
19 Mar 2020|16.93|17.75|16.31|16.40|13.16|5,842,411
18 Mar 2020|16.75|16.89|16.15|16.41|13.17|5,082,414
17 Mar 2020|15.41|17.01|15.29|16.72|13.42|4,969,911
16 Mar 2020|16.17|16.88|15.73|15.73|12.63|4,118,860
13 Mar 2020|16.65|17.17|15.93|17.17|13.78|5,998,379
12 Mar 2020|17.95|18.03|17.13|17.14|13.76|5,294,570
11 Mar 2020|18.60|18.60|18.01|18.10|14.53|4,605,736
10 Mar 2020|17.52|17.97|17.47|17.97|14.42|4,598,401
09 Mar 2020|18.24|18.32|18.01|18.06|14.50|4,054,673
06 Mar 2020|18.65|18.92|18.65|18.65|14.97|2,610,052
05 Mar 2020|19.00|19.13|18.87|18.96|15.22|2,799,332
04 Mar 2020|18.75|18.90|18.66|18.73|15.03|4,044,977
03 Mar 2020|18.85|19.02|18.71|18.86|15.14|2,651,745
02 Mar 2020|18.80|18.89|18.67|18.85|15.13|2,571,990
28 Feb 2020|19.04|19.14|18.80|19.14|15.36|5,062,428
27 Feb 2020|19.47|19.71|19.42|19.51|15.66|2,417,096
26 Feb 2020|19.75|19.84|19.47|19.58|15.72|3,160,349
26 Feb 2020|0.47Dividend
25 Feb 2020|20.79|20.82|20.41|20.48|16.06|4,584,773
24 Feb 2020|21.04|21.04|20.77|20.90|16.39|1,751,054
21 Feb 2020|21.04|21.17|21.04|21.12|16.56|1,445,889
20 Feb 2020|21.00|21.16|20.95|21.13|16.57|1,803,512
19 Feb 2020|21.00|21.09|20.88|21.06|16.52|1,789,270
18 Feb 2020|20.86|21.16|20.83|21.04|16.50|2,465,216
17 Feb 2020|20.65|20.89|20.64|20.89|16.38|1,630,606
14 Feb 2020|20.36|20.76|20.29|20.68|16.22|2,810,924
13 Feb 2020|20.50|20.63|20.08|20.22|15.86|4,069,008
12 Feb 2020|19.33|19.55|19.17|19.52|15.31|2,555,431
11 Feb 2020|19.50|19.66|19.34|19.38|15.20|1,306,396
10 Feb 2020|19.62|19.67|19.38|19.41|15.22|1,192,662
07 Feb 2020|19.77|19.77|19.47|19.56|15.34|1,480,882
06 Feb 2020|19.59|19.69|19.48|19.66|15.42|2,488,720
05 Feb 2020|19.87|19.90|19.54|19.56|15.34|1,952,226
04 Feb 2020|19.83|19.84|19.67|19.77|15.50|1,508,181
03 Feb 2020|19.62|19.91|19.60|19.84|15.56|1,219,916
31 Jan 2020|19.95|19.99|19.80|19.95|15.65|2,961,800
30 Jan 2020|20.04|20.10|19.76|19.85|15.57|2,815,674
29 Jan 2020|20.00|20.20|19.96|20.14|15.79|1,613,221
28 Jan 2020|19.62|19.94|19.50|19.86|15.57|1,716,831
24 Jan 2020|20.15|20.17|19.91|19.96|15.65|1,629,049
23 Jan 2020|20.15|20.21|19.95|20.07|15.74|1,703,555
22 Jan 2020|20.15|20.30|19.91|20.24|15.87|4,541,408
21 Jan 2020|20.63|20.63|20.27|20.42|16.01|1,276,312
20 Jan 2020|20.89|20.89|20.53|20.64|16.19|1,399,837
17 Jan 2020|20.64|20.84|20.63|20.79|16.30|1,298,734
16 Jan 2020|20.64|20.77|20.47|20.58|16.14|1,560,577
15 Jan 2020|20.52|20.74|20.51|20.55|16.12|1,520,799
14 Jan 2020|20.56|20.57|20.38|20.50|16.08|1,207,679
13 Jan 2020|20.42|20.56|20.39|20.47|16.05|897,285
10 Jan 2020|20.36|20.56|20.36|20.47|16.05|1,642,401
09 Jan 2020|20.03|20.41|20.03|20.34|15.95|2,012,320
08 Jan 2020|20.52|20.55|20.10|20.36|15.97|2,321,868
07 Jan 2020|20.57|20.73|20.55|20.60|16.15|1,875,249
06 Jan 2020|20.53|20.60|20.46|20.57|16.13|966,378
03 Jan 2020|20.72|20.82|20.54|20.59|16.15|816,967
02 Jan 2020|20.50|20.64|20.46|20.58|16.14|699,393
31 Dec 2019|20.78|20.85|20.53|20.53|16.10|1,218,040
*Close price adjusted for splits.**Close price adjusted for splits and dividend and/or capital gain distributions.
