Date|Open|High|Low|Close*|Adj. close**|Volume
20 Sept 2024|28.37|28.67|28.11|28.50|28.50|1,340,298
19 Sept 2024|28.99|29.00|28.23|28.31|28.31|1,180,367
18 Sept 2024|29.14|29.29|28.76|28.76|28.76|730,807
17 Sept 2024|29.02|29.22|28.99|29.11|29.11|1,068,611
16 Sept 2024|28.92|29.12|28.72|28.93|28.93|736,502
13 Sept 2024|29.15|29.44|28.82|28.86|28.86|1,064,289
12 Sept 2024|29.00|29.11|28.80|29.11|29.11|1,132,126
11 Sept 2024|28.84|28.96|28.67|28.89|28.89|1,682,764
10 Sept 2024|28.71|28.97|28.61|28.89|28.89|1,071,990
09 Sept 2024|28.25|28.78|28.19|28.72|28.72|1,122,392
06 Sept 2024|28.82|28.99|28.40|28.48|28.48|1,011,346
05 Sept 2024|28.58|28.88|28.56|28.78|28.78|1,101,432
04 Sept 2024|29.55|29.72|28.73|28.95|28.95|1,232,974
03 Sept 2024|29.62|29.72|29.37|29.50|29.50|1,006,414
02 Sept 2024|29.10|29.65|29.01|29.63|29.63|913,230
30 Aug 2024|29.42|29.51|28.89|28.93|28.93|2,818,353
30 Aug 2024|0.6Dividend
29 Aug 2024|30.10|30.24|29.81|29.95|29.35|1,534,578
28 Aug 2024|30.03|30.36|29.81|30.06|29.46|1,463,000
27 Aug 2024|30.57|30.68|30.05|30.05|29.45|1,106,251
26 Aug 2024|30.95|30.98|30.31|30.39|29.78|1,077,848
23 Aug 2024|30.62|30.84|30.15|30.51|29.90|1,809,944
22 Aug 2024|30.88|31.11|30.68|30.68|30.07|1,522,637
21 Aug 2024|30.44|30.89|30.20|30.71|30.09|2,152,494
20 Aug 2024|30.33|31.31|30.18|31.03|30.41|2,188,613
19 Aug 2024|31.98|32.06|30.50|30.54|29.93|2,546,023
16 Aug 2024|32.04|32.30|31.93|32.09|31.45|969,901
15 Aug 2024|31.94|32.11|31.62|31.62|30.99|1,431,213
14 Aug 2024|32.10|32.26|31.91|31.97|31.33|1,269,792
13 Aug 2024|32.31|32.36|31.85|32.00|31.36|1,421,074
12 Aug 2024|32.42|32.58|32.22|32.29|31.64|730,968
09 Aug 2024|32.31|32.44|32.13|32.24|31.59|1,748,881
08 Aug 2024|32.37|32.57|32.08|32.08|31.44|766,523
07 Aug 2024|32.36|32.78|32.22|32.37|31.72|903,225
06 Aug 2024|32.50|32.70|32.09|32.21|31.56|1,037,519
05 Aug 2024|33.30|33.43|32.44|32.48|31.83|1,037,453
02 Aug 2024|33.47|33.85|33.30|33.73|33.05|1,381,336
01 Aug 2024|33.80|33.85|33.55|33.56|32.89|988,924
31 July 2024|33.45|33.81|33.21|33.47|32.80|1,521,690
30 July 2024|33.39|33.51|33.01|33.03|32.37|1,048,312
29 July 2024|33.12|33.63|33.03|33.30|32.63|960,262
26 July 2024|32.00|33.26|31.99|33.00|32.34|2,290,083
25 July 2024|31.81|33.28|31.71|32.50|31.85|2,305,080
24 July 2024|33.54|33.59|32.76|33.10|32.44|867,569
23 July 2024|33.50|33.68|33.40|33.53|32.86|437,213
22 July 2024|33.39|33.60|33.12|33.42|32.75|607,072
19 July 2024|33.60|33.78|33.20|33.39|32.72|778,573
18 July 2024|34.22|34.22|33.63|33.72|33.04|911,093
17 July 2024|33.99|34.57|33.83|34.22|33.53|1,508,893
16 July 2024|34.17|34.32|33.68|33.99|33.31|1,405,626
15 July 2024|34.00|34.21|33.69|34.03|33.35|784,076
12 July 2024|33.62|34.01|33.60|33.67|33.00|751,038
11 July 2024|33.33|33.43|32.80|33.10|32.44|804,267
10 July 2024|33.38|33.41|33.06|33.12|32.46|1,395,353
09 July 2024|33.16|33.60|33.08|33.43|32.76|734,521
08 July 2024|33.23|33.35|32.84|33.15|32.49|612,225
05 July 2024|33.14|33.69|33.02|33.13|32.47|770,546
04 July 2024|33.10|33.31|32.80|33.14|32.48|508,070
03 July 2024|32.65|33.01|32.47|32.79|32.13|783,957
02 July 2024|32.62|32.94|32.41|32.66|32.01|1,008,971
01 July 2024|32.31|32.78|32.20|32.61|31.96|835,917
28 June 2024|33.09|33.09|32.34|32.34|31.69|1,129,766
27 June 2024|32.42|32.94|32.24|32.94|32.28|1,187,830
26 June 2024|33.18|33.24|32.30|32.49|31.84|930,963
25 June 2024|32.52|33.15|32.43|32.83|32.17|979,768
24 June 2024|32.86|33.05|32.07|32.21|31.56|555,764
21 June 2024|33.10|33.10|32.37|32.80|32.14|2,345,282
20 June 2024|33.34|33.60|33.04|33.06|32.40|1,294,009
19 June 2024|33.27|33.32|32.80|33.25|32.58|897,326
18 June 2024|32.66|33.20|32.45|33.20|32.53|985,279
17 June 2024|32.83|33.01|32.46|32.46|31.81|678,916
14 June 2024|33.37|33.65|32.70|33.10|32.44|785,686
13 June 2024|33.50|33.79|33.19|33.23|32.56|1,057,670
12 June 2024|33.41|33.99|33.34|33.57|32.90|1,207,889
11 June 2024|34.64|34.76|33.58|33.59|32.92|947,710
07 June 2024|34.58|34.83|34.34|34.46|33.77|518,186
06 June 2024|34.58|34.96|34.50|34.54|33.85|510,157
05 June 2024|34.57|34.81|34.21|34.56|33.87|864,462
04 June 2024|34.74|34.95|34.41|34.51|33.82|617,746
03 June 2024|35.18|35.43|34.77|34.77|34.07|688,845
31 May 2024|34.90|35.12|34.72|34.72|34.02|2,152,737
30 May 2024|35.07|35.24|34.72|34.72|34.02|601,775
29 May 2024|35.51|35.67|35.11|35.11|34.41|835,006
28 May 2024|35.70|35.80|35.31|35.45|34.74|650,240
27 May 2024|35.36|35.70|35.31|35.56|34.85|577,666
24 May 2024|35.36|35.55|35.17|35.17|34.47|539,283
23 May 2024|35.04|35.60|34.67|35.50|34.79|574,443
22 May 2024|35.05|35.29|34.90|35.06|34.36|827,506
21 May 2024|35.34|35.45|34.83|35.03|34.33|994,207
20 May 2024|35.57|35.69|35.25|35.25|34.54|599,629
17 May 2024|35.77|35.77|35.23|35.23|34.52|674,497
16 May 2024|35.85|35.95|35.47|35.76|35.04|1,072,793
15 May 2024|35.99|35.99|35.43|35.64|34.93|666,738
14 May 2024|36.27|36.52|35.93|35.99|35.27|924,283
13 May 2024|35.99|36.67|35.94|36.42|35.69|606,179
10 May 2024|35.84|36.20|35.57|36.15|35.43|543,420
09 May 2024|36.00|36.00|35.31|35.61|34.90|718,658
08 May 2024|35.96|36.24|35.73|35.80|35.08|859,635
07 May 2024|35.72|36.04|35.33|36.00|35.28|786,473
06 May 2024|35.51|35.84|35.15|35.58|34.87|780,198
03 May 2024|35.33|35.88|35.25|35.29|34.58|916,900
02 May 2024|34.98|35.86|34.78|35.19|34.49|1,455,228
01 May 2024|35.57|35.75|34.94|35.52|34.81|1,765,577
30 Apr 2024|37.49|37.58|36.17|36.81|36.07|1,613,732
29 Apr 2024|38.58|38.75|38.05|38.08|37.32|921,306
26 Apr 2024|38.61|38.93|38.33|38.45|37.68|735,273
24 Apr 2024|38.96|39.25|38.75|38.77|37.99|528,745
23 Apr 2024|39.04|39.37|38.87|38.87|38.09|662,176
22 Apr 2024|38.99|39.32|38.67|38.87|38.09|519,441
19 Apr 2024|38.95|39.05|38.42|38.81|38.03|953,552
18 Apr 2024|38.81|39.58|38.75|39.22|38.43|1,250,403
17 Apr 2024|38.30|38.85|38.05|38.70|37.92|600,290
16 Apr 2024|38.95|39.37|38.13|38.34|37.57|1,242,284
15 Apr 2024|39.06|39.46|38.87|39.05|38.27|545,071
12 Apr 2024|38.88|39.46|38.71|39.32|38.53|724,620
11 Apr 2024|39.24|39.92|38.85|39.09|38.31|1,111,706
10 Apr 2024|40.54|40.79|39.62|39.83|39.03|868,337
09 Apr 2024|41.24|41.46|40.12|40.31|39.50|799,278
08 Apr 2024|41.19|41.70|41.03|41.03|40.21|683,174
05 Apr 2024|41.50|42.35|41.02|41.28|40.45|1,093,228
04 Apr 2024|40.99|41.25|40.37|40.91|40.09|585,337
03 Apr 2024|40.37|40.79|40.12|40.31|39.50|625,112
02 Apr 2024|40.21|40.70|40.01|40.31|39.50|670,370
28 Mar 2024|39.89|39.90|39.50|39.79|38.99|663,099
27 Mar 2024|39.44|39.75|39.29|39.47|38.68|778,978
26 Mar 2024|40.70|40.70|39.72|39.76|38.96|926,629
25 Mar 2024|40.52|40.91|40.20|40.35|39.54|542,665
22 Mar 2024|40.46|40.50|40.06|40.29|39.48|989,203
21 Mar 2024|40.00|40.61|39.66|40.61|39.80|1,093,180
20 Mar 2024|39.28|39.69|39.20|39.64|38.85|749,702
19 Mar 2024|38.66|39.23|38.54|39.16|38.38|529,339
18 Mar 2024|38.33|38.50|38.21|38.42|37.65|302,816
15 Mar 2024|37.95|38.56|37.95|38.15|37.39|1,471,721
14 Mar 2024|38.48|38.52|38.07|38.07|37.31|767,165
13 Mar 2024|37.93|38.43|37.86|38.13|37.37|683,691
12 Mar 2024|37.41|37.93|37.31|37.92|37.16|671,114
11 Mar 2024|37.94|37.97|37.09|37.32|36.57|527,976
08 Mar 2024|38.56|38.60|38.00|38.00|37.24|544,913
07 Mar 2024|38.39|38.60|38.12|38.28|37.51|1,031,526
06 Mar 2024|37.47|38.24|37.32|38.21|37.44|1,299,141
05 Mar 2024|37.17|37.53|37.17|37.39|36.64|831,158
04 Mar 2024|37.20|37.60|37.00|37.30|36.55|923,522
01 Mar 2024|37.37|37.54|37.03|37.40|36.65|1,303,639
01 Mar 2024|1.2Dividend
29 Feb 2024|39.54|39.76|39.30|39.40|37.43|1,989,873
28 Feb 2024|38.95|39.42|38.73|39.42|37.45|1,087,885
27 Feb 2024|38.83|39.10|38.70|38.80|36.86|799,046
26 Feb 2024|38.62|38.71|38.16|38.69|36.76|929,916
23 Feb 2024|38.21|38.65|38.06|38.61|36.68|1,222,237
22 Feb 2024|37.74|38.24|37.64|38.14|36.24|1,444,084
21 Feb 2024|37.86|37.98|37.37|37.64|35.76|1,074,591
20 Feb 2024|38.15|38.25|37.15|37.80|35.91|1,376,238
19 Feb 2024|38.16|38.49|37.83|37.88|35.99|883,873
16 Feb 2024|37.82|38.14|37.58|37.59|35.72|1,066,343
15 Feb 2024|36.80|37.36|36.77|37.20|35.34|688,919
14 Feb 2024|36.80|36.92|36.47|36.69|34.86|533,237
13 Feb 2024|36.93|36.93|36.62|36.91|35.07|656,043
12 Feb 2024|36.73|36.87|36.47|36.67|34.84|420,973
09 Feb 2024|36.50|36.88|36.41|36.71|34.88|532,192
08 Feb 2024|36.90|36.98|36.49|36.50|34.68|543,474
07 Feb 2024|36.99|37.12|36.31|36.62|34.79|585,559
06 Feb 2024|36.56|36.95|36.45|36.79|34.95|685,307
05 Feb 2024|36.55|36.75|36.26|36.61|34.78|642,451
02 Feb 2024|36.80|36.92|36.64|36.73|34.90|808,441
01 Feb 2024|36.33|36.66|36.11|36.60|34.77|865,955
31 Jan 2024|36.24|36.59|36.10|36.37|34.56|1,059,149
30 Jan 2024|36.13|36.43|36.10|36.29|34.48|491,214
29 Jan 2024|36.00|36.38|35.89|36.20|34.39|765,986
25 Jan 2024|35.41|35.92|35.20|35.92|34.13|505,315
24 Jan 2024|35.01|35.39|34.87|35.32|33.56|695,260
23 Jan 2024|35.28|35.75|35.05|35.20|33.44|660,124
22 Jan 2024|34.98|35.26|34.83|35.25|33.49|519,946
19 Jan 2024|35.40|35.78|34.58|34.75|33.02|1,157,948
18 Jan 2024|35.49|35.95|34.77|35.07|33.32|863,621
17 Jan 2024|36.10|36.15|35.65|35.97|34.18|678,072
16 Jan 2024|36.22|36.23|35.81|36.10|34.30|515,713
15 Jan 2024|35.52|36.08|35.52|36.07|34.27|137,461
12 Jan 2024|35.78|35.86|35.31|35.49|33.72|553,495
11 Jan 2024|36.01|36.05|35.66|35.96|34.17|610,416
10 Jan 2024|36.60|36.70|36.40|36.44|34.62|484,377
09 Jan 2024|36.76|36.79|36.39|36.52|34.70|545,971
08 Jan 2024|36.50|36.82|36.33|36.50|34.68|477,699
05 Jan 2024|36.94|36.94|36.37|36.48|34.66|400,858
04 Jan 2024|36.37|36.88|36.32|36.69|34.86|594,302
03 Jan 2024|36.19|36.54|36.15|36.22|34.41|374,396
02 Jan 2024|36.15|36.69|36.13|36.62|34.79|349,982
29 Dec 2023|36.31|36.31|36.04|36.15|34.35|267,219
28 Dec 2023|35.83|36.37|35.83|36.25|34.44|287,475
27 Dec 2023|36.25|36.49|35.90|36.08|34.28|325,014
22 Dec 2023|36.10|36.15|35.82|36.04|34.24|583,670
21 Dec 2023|35.98|36.03|35.62|36.03|34.23|1,023,223
20 Dec 2023|35.47|35.83|35.35|35.75|33.97|529,929
19 Dec 2023|35.57|35.74|35.17|35.53|33.76|895,662
18 Dec 2023|35.45|35.66|35.10|35.46|33.69|692,569
15 Dec 2023|35.47|35.89|35.20|35.54|33.77|2,148,591
14 Dec 2023|35.02|35.34|34.78|35.28|33.52|1,425,123
13 Dec 2023|34.89|35.12|34.73|34.81|33.07|682,016
12 Dec 2023|34.88|34.95|34.55|34.78|33.05|616,633
11 Dec 2023|34.75|34.84|34.45|34.77|33.04|677,956
08 Dec 2023|34.69|34.83|34.22|34.49|32.77|504,922
07 Dec 2023|34.45|34.69|34.17|34.69|32.96|456,827
06 Dec 2023|34.11|34.73|34.11|34.57|32.85|667,210
05 Dec 2023|34.36|34.43|34.00|34.17|32.47|769,119
04 Dec 2023|34.67|34.81|34.30|34.42|32.70|549,964
01 Dec 2023|34.28|34.60|34.10|34.58|32.86|517,732
30 Nov 2023|34.00|34.26|33.70|34.23|32.52|1,250,316
29 Nov 2023|34.57|34.78|34.02|34.15|32.45|416,471
28 Nov 2023|34.44|34.80|34.13|34.21|32.50|331,073
27 Nov 2023|34.11|34.69|34.05|34.48|32.76|525,155
24 Nov 2023|34.16|34.34|33.92|34.10|32.40|214,356
23 Nov 2023|33.96|34.15|33.76|33.89|32.20|278,244
22 Nov 2023|33.93|34.36|33.78|34.07|32.37|319,703
21 Nov 2023|34.04|34.24|33.87|34.05|32.35|568,708
20 Nov 2023|33.74|34.12|33.35|33.96|32.27|624,608
17 Nov 2023|34.12|34.26|33.38|33.55|31.88|1,031,842
16 Nov 2023|34.20|34.57|34.02|34.17|32.47|819,480
15 Nov 2023|34.12|34.37|33.86|34.24|32.53|490,644
14 Nov 2023|33.76|34.19|33.75|33.89|32.20|654,381
13 Nov 2023|33.50|33.76|33.37|33.57|31.90|667,799
10 Nov 2023|33.22|33.45|33.09|33.39|31.72|612,618
09 Nov 2023|33.00|33.30|32.74|33.30|31.64|622,117
08 Nov 2023|32.57|32.93|32.37|32.84|31.20|499,622
07 Nov 2023|32.60|32.73|32.45|32.63|31.00|291,935
06 Nov 2023|33.07|33.15|32.65|32.67|31.04|480,337
03 Nov 2023|33.19|33.25|32.96|33.08|31.43|664,103
02 Nov 2023|32.88|33.01|32.46|32.75|31.12|569,395
01 Nov 2023|31.80|32.76|31.51|32.75|31.12|969,499
31 Oct 2023|31.85|32.17|31.63|31.86|30.27|862,218
30 Oct 2023|31.89|31.95|31.56|31.56|29.99|668,562
27 Oct 2023|32.00|32.43|31.86|32.36|30.75|989,983
26 Oct 2023|32.87|32.87|31.64|31.77|30.19|1,612,303
25 Oct 2023|33.15|33.88|32.58|32.94|31.30|1,397,860
24 Oct 2023|31.41|31.85|31.41|31.75|30.17|553,337
23 Oct 2023|31.60|31.75|31.00|31.39|29.82|464,158
20 Oct 2023|31.84|32.31|31.81|31.84|30.25|710,605
19 Oct 2023|32.33|32.37|31.92|32.17|30.57|686,768
18 Oct 2023|32.17|32.49|32.04|32.42|30.80|757,575
17 Oct 2023|32.02|32.24|31.83|31.99|30.39|520,524
16 Oct 2023|31.81|32.18|31.67|31.80|30.21|522,590
13 Oct 2023|31.85|32.05|31.63|31.77|30.19|459,507
12 Oct 2023|32.07|32.31|31.89|31.93|30.34|594,434
11 Oct 2023|32.04|32.24|31.86|32.07|30.47|768,444
10 Oct 2023|32.50|32.65|31.83|31.90|30.31|690,199
09 Oct 2023|31.97|32.32|31.81|32.30|30.69|558,328
06 Oct 2023|32.00|32.07|31.59|31.69|30.11|567,041
05 Oct 2023|32.88|33.01|31.76|31.98|30.38|895,596
04 Oct 2023|33.19|33.21|32.69|32.91|31.27|816,145
03 Oct 2023|33.45|33.57|33.02|33.35|31.69|619,980
02 Oct 2023|33.69|33.94|33.52|33.83|32.14|408,711
29 Sept 2023|34.10|34.19|33.75|33.80|32.11|715,896
28 Sept 2023|33.70|34.17|33.48|34.06|32.36|944,239
27 Sept 2023|33.37|33.85|33.27|33.64|31.96|697,443
26 Sept 2023|33.33|33.77|33.21|33.49|31.82|614,313
25 Sept 2023|33.30|33.52|33.09|33.47|31.80|610,415
22 Sept 2023|32.39|33.47|32.34|33.40|31.73|982,419
21 Sept 2023|33.01|33.33|32.71|32.71|31.08|866,801
20 Sept 2023|33.21|33.25|32.93|33.24|31.58|842,923
19 Sept 2023|33.65|33.65|33.18|33.26|31.60|770,961
18 Sept 2023|33.51|33.91|33.17|33.37|31.71|839,432
15 Sept 2023|34.15|34.22|33.73|33.73|32.05|1,479,232
14 Sept 2023|33.65|33.89|33.51|33.77|32.09|1,019,758
13 Sept 2023|34.19|34.19|33.44|33.70|32.02|1,169,530
12 Sept 2023|34.63|34.64|34.15|34.16|32.46|1,190,108
11 Sept 2023|34.50|34.78|34.47|34.61|32.88|906,861
08 Sept 2023|34.65|34.69|34.00|34.42|32.70|698,766
07 Sept 2023|34.68|34.75|34.09|34.23|32.52|1,027,062
06 Sept 2023|34.44|34.78|34.38|34.41|32.69|693,126
05 Sept 2023|34.67|34.70|34.29|34.53|32.81|840,746
04 Sept 2023|34.99|35.08|34.58|34.66|32.93|632,864
01 Sept 2023|33.95|34.80|33.53|34.63|32.90|1,867,722
01 Sept 2023|0.95Dividend
31 Aug 2023|34.85|35.46|34.63|35.30|32.64|2,796,919
30 Aug 2023|34.51|35.00|34.49|34.87|32.24|1,414,168
29 Aug 2023|34.76|34.79|34.32|34.58|31.97|754,983
28 Aug 2023|34.26|34.80|33.88|34.72|32.10|1,253,311
25 Aug 2023|33.42|33.76|33.01|33.71|31.17|920,289
24 Aug 2023|33.34|33.78|33.10|33.77|31.22|1,010,363
23 Aug 2023|32.79|33.45|32.79|33.26|30.75|1,340,773
22 Aug 2023|33.90|33.93|32.73|33.01|30.52|813,944
21 Aug 2023|32.86|33.91|32.67|33.79|31.24|1,021,407
18 Aug 2023|32.78|32.80|32.31|32.57|30.11|604,642
17 Aug 2023|32.27|32.62|32.19|32.57|30.11|717,340
16 Aug 2023|32.22|32.44|32.03|32.29|29.85|576,101
15 Aug 2023|32.22|32.44|32.11|32.43|29.98|538,454
14 Aug 2023|32.20|32.49|32.05|32.20|29.77|654,437
11 Aug 2023|32.46|32.47|32.12|32.22|29.79|383,898
10 Aug 2023|32.11|32.69|31.83|32.60|30.14|564,492
09 Aug 2023|31.82|32.22|31.82|32.22|29.79|373,622
08 Aug 2023|31.87|32.20|31.79|31.79|29.39|612,838
07 Aug 2023|32.25|32.42|31.75|31.89|29.48|497,234
04 Aug 2023|32.05|32.33|31.95|32.12|29.70|460,636
03 Aug 2023|32.34|32.34|31.95|32.09|29.67|558,706
02 Aug 2023|32.78|33.05|32.39|32.52|30.07|510,092
01 Aug 2023|33.04|33.23|32.82|33.10|30.60|548,889
31 July 2023|32.69|32.97|32.59|32.85|30.37|722,305
28 July 2023|32.90|32.95|32.47|32.47|30.02|669,219
27 July 2023|33.09|33.13|32.67|32.73|30.26|978,008
26 July 2023|33.26|33.27|32.73|33.23|30.72|571,975
25 July 2023|33.06|33.47|33.02|33.23|30.72|1,033,729
24 July 2023|32.70|33.17|32.57|32.89|30.41|794,251
21 July 2023|32.44|32.64|32.06|32.54|30.08|961,098
20 July 2023|31.27|32.33|31.23|32.21|29.78|1,388,352
19 July 2023|30.78|31.78|30.59|31.14|28.79|1,500,980
18 July 2023|30.03|30.19|29.71|29.84|27.59|623,229
17 July 2023|30.13|30.26|30.03|30.18|27.90|583,763
14 July 2023|29.89|30.17|29.81|30.17|27.89|838,416
13 July 2023|29.75|29.87|29.54|29.80|27.55|661,747
12 July 2023|29.55|29.75|29.48|29.52|27.29|487,196
11 July 2023|29.42|29.69|29.36|29.44|27.22|772,637
10 July 2023|29.66|29.92|29.21|29.25|27.04|483,405
07 July 2023|29.40|29.59|29.13|29.42|27.20|783,898
06 July 2023|29.82|30.01|29.56|29.65|27.41|910,902
05 July 2023|30.46|30.54|29.92|29.98|27.72|560,380
04 July 2023|30.25|30.48|30.14|30.35|28.06|573,880
03 July 2023|29.99|30.27|29.85|30.19|27.91|465,137
30 June 2023|30.15|30.15|29.91|29.94|27.68|756,477
29 June 2023|29.98|30.27|29.91|30.17|27.89|637,557
28 June 2023|29.60|29.85|29.38|29.76|27.51|750,371
27 June 2023|29.50|29.68|29.33|29.59|27.36|518,672
26 June 2023|29.80|30.04|29.38|29.62|27.39|579,511
23 June 2023|30.05|30.36|29.59|29.80|27.55|966,002
22 June 2023|30.99|30.99|30.12|30.19|27.91|478,923
21 June 2023|30.70|30.73|30.52|30.63|28.32|1,039,694
20 June 2023|30.62|31.04|30.52|30.83|28.50|1,019,756
19 June 2023|30.95|30.95|30.52|30.62|28.31|816,633
16 June 2023|30.92|31.18|30.61|30.80|28.48|2,335,500
15 June 2023|30.48|31.14|30.43|30.94|28.61|669,698
14 June 2023|30.82|30.98|30.53|30.53|28.23|628,043
13 June 2023|30.60|30.76|30.49|30.62|28.31|1,281,110
09 June 2023|30.64|31.01|30.39|30.84|28.51|429,180
08 June 2023|31.22|31.39|30.51|30.74|28.42|774,939
07 June 2023|31.07|31.08|30.46|30.76|28.44|592,242
06 June 2023|31.62|31.63|30.86|30.89|28.56|713,226
05 June 2023|32.14|32.15|31.55|31.73|29.34|688,295
02 June 2023|31.72|31.99|31.62|31.76|29.36|648,961
01 June 2023|31.30|32.17|31.30|31.94|29.53|756,411
31 May 2023|31.84|31.90|31.40|31.41|29.04|2,114,723
30 May 2023|31.78|32.08|31.74|31.86|29.46|286,441
29 May 2023|31.70|31.96|31.65|31.78|29.38|315,434
26 May 2023|31.49|31.65|31.33|31.54|29.16|451,302
25 May 2023|31.03|31.63|30.88|31.63|29.24|611,964
24 May 2023|31.01|31.30|30.86|31.24|28.88|490,684
23 May 2023|31.16|31.36|30.89|30.94|28.61|407,423
22 May 2023|30.95|31.21|30.69|31.08|28.74|520,307
19 May 2023|30.81|31.11|30.71|30.96|28.62|326,836
18 May 2023|30.79|31.10|30.60|30.67|28.36|432,559
17 May 2023|30.22|30.80|29.91|30.72|28.40|610,208
16 May 2023|30.36|30.38|30.05|30.24|27.96|431,583
15 May 2023|30.35|30.57|30.27|30.40|28.11|443,578
12 May 2023|30.34|30.48|30.14|30.31|28.02|553,170
11 May 2023|29.92|30.51|29.76|30.44|28.14|820,448
10 May 2023|29.41|29.93|29.41|29.84|27.59|581,718
09 May 2023|29.60|29.90|29.53|29.64|27.40|605,257
08 May 2023|29.77|29.79|29.24|29.79|27.54|738,659
05 May 2023|29.01|29.35|28.90|29.35|27.14|664,662
04 May 2023|28.57|29.30|28.57|29.18|26.98|742,680
03 May 2023|29.17|29.42|28.58|28.75|26.58|2,619,837
02 May 2023|29.51|29.73|29.25|29.54|27.31|1,018,163
01 May 2023|30.12|30.36|29.70|29.74|27.50|673,795
28 Apr 2023|31.08|31.16|29.88|29.93|27.67|1,037,258
27 Apr 2023|31.11|31.34|30.80|31.03|28.69|697,039
26 Apr 2023|30.52|31.30|30.34|31.07|28.73|1,215,002
24 Apr 2023|30.50|30.52|30.07|30.44|28.14|488,152
21 Apr 2023|30.20|30.51|30.05|30.36|28.07|1,688,014
20 Apr 2023|30.07|30.36|29.67|30.33|28.04|1,286,841
19 Apr 2023|30.40|30.45|29.92|30.28|28.00|635,638
18 Apr 2023|30.63|30.81|29.84|30.32|28.03|717,106
17 Apr 2023|30.98|31.15|30.84|31.02|28.68|798,657
14 Apr 2023|30.88|31.29|30.50|31.01|28.67|605,248
13 Apr 2023|31.06|31.10|30.83|30.92|28.59|555,874
12 Apr 2023|31.50|31.50|31.04|31.11|28.76|440,847
11 Apr 2023|31.18|31.57|31.02|31.09|28.74|650,778
06 Apr 2023|30.71|30.94|30.53|30.94|28.61|1,017,235
05 Apr 2023|30.81|31.30|30.61|30.75|28.43|656,612
04 Apr 2023|30.46|30.96|30.43|30.93|28.60|626,258
03 Apr 2023|30.81|31.16|30.39|30.42|28.12|355,940
31 Mar 2023|30.75|30.79|30.37|30.49|28.19|558,601
30 Mar 2023|30.50|30.77|30.50|30.58|28.27|594,523
29 Mar 2023|30.65|31.03|30.42|30.42|28.12|5,828,214
28 Mar 2023|30.32|30.72|30.06|30.70|28.38|481,591
27 Mar 2023|29.95|29.98|29.54|29.87|27.62|425,107
24 Mar 2023|30.12|30.31|29.84|30.23|27.95|446,485
23 Mar 2023|30.44|30.79|30.28|30.49|28.19|426,108
22 Mar 2023|30.00|30.77|29.86|30.60|28.29|476,900
21 Mar 2023|29.75|30.19|29.60|29.75|27.51|393,939
20 Mar 2023|29.92|30.25|29.52|29.59|27.36|442,489
17 Mar 2023|29.99|30.62|29.84|30.33|28.04|2,314,222
16 Mar 2023|29.50|29.98|29.35|29.74|27.50|1,553,729
15 Mar 2023|30.55|30.63|30.22|30.55|28.25|557,819
14 Mar 2023|30.78|30.98|30.08|30.31|28.02|743,087
13 Mar 2023|31.44|31.46|30.85|31.07|28.73|578,805
10 Mar 2023|31.85|31.94|31.14|31.31|28.95|403,414
09 Mar 2023|31.80|32.11|31.66|31.98|29.57|537,125
08 Mar 2023|31.65|31.91|31.55|31.75|29.35|608,801
07 Mar 2023|31.21|31.87|30.81|31.80|29.40|962,018
06 Mar 2023|31.30|31.45|31.04|31.26|28.90|858,350
03 Mar 2023|31.49|31.58|30.76|31.05|28.71|1,164,145
03 Mar 2023|0.5Dividend
02 Mar 2023|33.20|33.29|32.56|32.95|30.00|1,050,001
01 Mar 2023|32.70|33.44|32.60|33.18|30.21|1,081,794
28 Feb 2023|32.82|33.06|32.51|32.96|30.01|1,511,550
27 Feb 2023|32.89|33.10|32.46|32.53|29.62|728,208
24 Feb 2023|32.65|33.04|32.47|33.01|30.06|770,624
23 Feb 2023|32.24|32.75|32.05|32.55|29.64|852,288
22 Feb 2023|31.50|32.46|30.82|32.25|29.36|1,428,854
21 Feb 2023|32.30|32.40|31.51|31.69|28.85|968,444
20 Feb 2023|32.90|33.20|32.22|32.31|29.42|941,556
17 Feb 2023|31.90|31.91|31.49|31.77|28.93|862,799
16 Feb 2023|31.40|32.05|31.30|31.92|29.06|700,353
15 Feb 2023|31.41|31.55|31.25|31.45|28.64|470,108
14 Feb 2023|31.55|31.55|31.13|31.20|28.41|739,410
13 Feb 2023|31.00|31.69|30.80|31.33|28.53|856,937
10 Feb 2023|30.88|31.02|30.45|30.77|28.02|667,313
09 Feb 2023|30.80|31.19|30.64|30.97|28.20|736,005
08 Feb 2023|31.33|31.44|30.77|30.82|28.06|601,707
07 Feb 2023|31.13|31.31|30.94|31.06|28.28|600,147
06 Feb 2023|31.02|31.13|30.53|31.05|28.27|630,073
03 Feb 2023|30.73|30.96|30.44|30.96|28.19|777,219
02 Feb 2023|30.57|30.81|30.34|30.72|27.97|690,410
01 Feb 2023|30.72|30.95|30.55|30.55|27.82|592,164
31 Jan 2023|30.51|30.84|30.42|30.49|27.76|837,853
30 Jan 2023|30.65|30.93|30.47|30.59|27.85|647,439
27 Jan 2023|30.92|31.07|30.47|30.58|27.84|548,903
25 Jan 2023|30.61|30.85|30.24|30.61|27.87|568,573
24 Jan 2023|30.42|30.76|30.08|30.53|27.80|1,069,274
23 Jan 2023|29.89|30.23|29.75|30.05|27.36|772,101
20 Jan 2023|29.80|30.13|29.61|29.93|27.25|1,010,956
19 Jan 2023|28.92|29.66|28.75|29.60|26.95|1,690,064
18 Jan 2023|28.95|29.87|28.95|29.32|26.70|1,607,069
17 Jan 2023|28.39|28.79|28.19|28.68|26.11|630,111
16 Jan 2023|28.22|28.52|28.11|28.42|25.88|454,377
13 Jan 2023|27.78|28.74|27.68|28.04|25.53|607,593
12 Jan 2023|27.60|27.69|27.38|27.59|25.12|447,444
11 Jan 2023|27.38|27.63|27.28|27.44|24.98|545,142
10 Jan 2023|27.21|27.50|27.18|27.47|25.01|363,429
09 Jan 2023|27.22|27.48|27.20|27.33|24.88|382,980
06 Jan 2023|27.42|27.63|26.99|27.08|24.66|792,440
05 Jan 2023|27.63|27.83|27.20|27.38|24.93|766,219
04 Jan 2023|27.86|28.07|27.53|27.61|25.14|666,182
03 Jan 2023|28.61|28.61|27.79|27.79|25.30|337,327
30 Dec 2022|28.42|28.43|28.17|28.28|25.75|489,073
29 Dec 2022|28.65|28.78|28.14|28.21|25.69|599,416
28 Dec 2022|28.33|29.03|28.29|29.03|26.43|557,381
23 Dec 2022|27.78|28.40|27.71|28.29|25.76|428,015
22 Dec 2022|28.38|28.50|28.08|28.14|25.62|631,095
21 Dec 2022|27.63|28.17|27.63|28.16|25.64|1,028,404
20 Dec 2022|28.16|28.30|27.59|27.59|25.12|654,092
19 Dec 2022|28.46|28.52|27.91|28.01|25.50|292,182
16 Dec 2022|27.77|28.73|27.61|28.58|26.02|1,751,515
15 Dec 2022|27.47|27.95|27.27|27.89|25.39|1,279,316
14 Dec 2022|27.64|27.69|27.50|27.66|25.18|545,503
13 Dec 2022|27.60|27.68|27.24|27.50|25.04|466,987
12 Dec 2022|26.94|27.38|26.70|27.25|24.81|748,890
09 Dec 2022|26.60|27.15|26.50|27.09|24.67|690,214
08 Dec 2022|27.05|27.14|26.67|26.76|24.37|765,438
07 Dec 2022|27.20|27.33|26.76|27.12|24.69|1,606,767
06 Dec 2022|27.75|27.86|27.36|27.60|25.13|1,448,243
05 Dec 2022|28.15|28.29|27.91|28.06|25.55|593,480
02 Dec 2022|28.74|28.75|28.07|28.15|25.63|1,066,729
01 Dec 2022|28.73|28.78|28.25|28.36|25.82|723,529
30 Nov 2022|28.37|28.59|27.88|28.59|26.03|2,234,158
29 Nov 2022|28.01|28.57|27.87|28.51|25.96|861,446
28 Nov 2022|28.37|28.37|28.05|28.05|25.54|549,222
25 Nov 2022|28.42|28.52|28.27|28.39|25.85|665,269
24 Nov 2022|28.68|28.80|28.34|28.40|25.86|687,460
23 Nov 2022|28.55|28.81|28.36|28.55|26.00|663,527
22 Nov 2022|28.45|28.49|28.16|28.29|25.76|782,847
21 Nov 2022|28.82|28.89|28.25|28.25|25.72|770,881
18 Nov 2022|28.03|28.86|28.03|28.82|26.24|1,007,176
17 Nov 2022|28.07|28.25|27.86|28.01|25.50|946,118
16 Nov 2022|28.10|28.25|27.87|28.00|25.49|602,983
15 Nov 2022|27.91|28.34|27.79|28.03|25.52|1,005,737
14 Nov 2022|28.08|28.42|27.75|27.75|25.27|1,239,565
11 Nov 2022|28.00|28.10|27.76|27.98|25.48|2,012,116
10 Nov 2022|27.34|27.82|27.23|27.71|25.23|786,200
09 Nov 2022|27.96|28.27|27.75|27.83|25.34|910,501
08 Nov 2022|28.20|28.28|27.92|27.97|25.47|779,688
07 Nov 2022|28.13|28.47|27.98|28.00|25.49|1,296,135
04 Nov 2022|27.80|28.42|27.68|28.09|25.58|1,343,007
03 Nov 2022|27.32|27.85|27.14|27.67|25.19|995,699
02 Nov 2022|27.90|28.27|27.52|27.61|25.14|1,437,179
01 Nov 2022|27.20|27.85|27.04|27.85|25.36|1,345,941
31 Oct 2022|27.30|27.77|27.23|27.23|24.79|1,566,821
28 Oct 2022|27.50|27.84|26.92|27.12|24.69|1,202,709
27 Oct 2022|27.50|27.65|27.32|27.50|25.04|1,347,888
26 Oct 2022|27.71|28.27|27.31|27.31|24.87|2,252,226
25 Oct 2022|29.05|29.88|27.35|27.35|24.90|3,636,466
24 Oct 2022|31.32|31.92|31.05|31.28|28.48|508,097
21 Oct 2022|30.78|31.02|30.63|30.73|27.98|695,142
20 Oct 2022|30.73|31.24|30.51|31.09|28.31|824,842
19 Oct 2022|30.71|30.86|30.32|30.69|27.94|521,114
18 Oct 2022|30.48|30.91|30.26|30.86|28.10|563,552
17 Oct 2022|30.30|30.57|29.95|30.30|27.59|631,076
14 Oct 2022|30.31|31.09|30.04|31.00|28.23|533,306
13 Oct 2022|29.99|30.34|29.47|29.78|27.12|479,530
12 Oct 2022|30.22|30.58|29.91|29.91|27.23|583,391
11 Oct 2022|30.37|30.73|30.15|30.38|27.66|594,888
10 Oct 2022|30.02|30.58|29.85|30.22|27.52|509,797
07 Oct 2022|29.78|30.98|29.78|30.55|27.82|882,754
06 Oct 2022|29.99|30.30|29.82|30.10|27.41|600,406
05 Oct 2022|30.06|30.53|29.56|30.09|27.40|950,420
04 Oct 2022|29.29|30.09|28.77|29.27|26.65|1,338,534
03 Oct 2022|28.54|29.16|28.43|29.16|26.55|523,908
30 Sept 2022|28.49|28.99|28.31|28.75|26.18|1,061,816
29 Sept 2022|29.01|29.21|28.48|28.54|25.99|927,466
28 Sept 2022|28.51|28.79|27.92|28.16|25.64|852,111
27 Sept 2022|28.00|28.54|27.93|28.37|25.83|1,014,188
26 Sept 2022|28.66|29.27|28.32|28.39|25.85|1,189,747
23 Sept 2022|30.25|30.97|29.25|29.59|26.94|1,115,361
21 Sept 2022|31.09|31.24|29.98|30.08|27.39|801,062
20 Sept 2022|31.39|31.49|30.97|31.11|28.33|753,147
19 Sept 2022|31.10|31.34|30.83|31.18|28.39|827,476
16 Sept 2022|32.05|32.40|31.01|31.28|28.48|1,677,057
15 Sept 2022|32.75|33.15|32.42|32.60|29.68|859,541
14 Sept 2022|32.96|33.09|32.09|32.09|29.22|892,037
13 Sept 2022|33.36|33.69|33.23|33.65|30.64|654,630
12 Sept 2022|33.00|33.39|32.85|32.88|29.94|592,946
09 Sept 2022|32.69|33.13|32.35|32.80|29.87|1,177,386
08 Sept 2022|31.68|32.76|31.49|32.76|29.83|799,440
07 Sept 2022|32.86|33.40|32.02|32.11|29.24|612,162
06 Sept 2022|32.70|33.72|32.70|33.02|30.07|760,590
05 Sept 2022|32.55|33.08|32.35|32.98|30.03|673,826
02 Sept 2022|32.26|32.36|29.94|31.98|29.12|746,361
02 Sept 2022|1.2Dividend
01 Sept 2022|34.14|34.50|33.40|33.67|29.56|808,897
31 Aug 2022|34.50|34.95|33.77|34.58|30.36|1,258,037
30 Aug 2022|35.34|35.43|34.85|35.14|30.86|1,380,017
29 Aug 2022|35.50|35.69|34.72|34.80|30.56|555,458
26 Aug 2022|34.69|35.85|34.60|35.62|31.28|580,508
25 Aug 2022|34.86|34.98|34.37|34.61|30.39|516,419
24 Aug 2022|34.76|34.83|34.01|34.57|30.35|1,052,362
23 Aug 2022|35.44|35.48|33.90|34.13|29.97|1,145,569
22 Aug 2022|34.15|35.11|33.51|34.92|30.66|1,118,827
19 Aug 2022|34.09|34.50|33.66|34.14|29.98|1,176,116
18 Aug 2022|33.68|34.43|33.65|33.92|29.78|552,160
17 Aug 2022|33.37|33.62|33.14|33.57|29.48|487,057
16 Aug 2022|33.68|33.71|33.20|33.37|29.30|424,762
15 Aug 2022|33.70|33.81|33.41|33.48|29.40|393,763
12 Aug 2022|33.15|33.84|32.91|33.72|29.61|613,756
11 Aug 2022|32.89|33.26|32.73|33.26|29.20|567,232
10 Aug 2022|32.55|32.96|32.51|32.65|28.67|635,314
09 Aug 2022|32.90|33.23|32.68|32.89|28.88|617,973
08 Aug 2022|32.40|33.24|32.07|33.21|29.16|941,027
05 Aug 2022|32.86|33.12|31.94|32.29|28.35|881,622
04 Aug 2022|34.02|34.11|33.08|33.21|29.16|844,599
03 Aug 2022|34.01|34.47|33.75|34.05|29.90|826,402
02 Aug 2022|33.61|33.91|33.46|33.85|29.72|688,446
01 Aug 2022|33.80|34.14|33.50|34.01|29.86|680,050
29 July 2022|33.31|33.70|33.22|33.50|29.42|924,272
28 July 2022|33.28|33.28|32.53|33.11|29.07|685,578
27 July 2022|32.51|33.05|32.44|32.94|28.92|384,000
26 July 2022|32.75|33.11|32.35|32.98|28.96|596,832
25 July 2022|32.50|32.74|32.18|32.35|28.41|517,369
22 July 2022|32.55|32.68|32.07|32.57|28.60|596,728
21 July 2022|33.08|33.23|32.54|32.97|28.95|725,177
20 July 2022|32.81|33.13|32.43|32.90|28.89|744,771
19 July 2022|32.66|33.14|31.79|32.15|28.23|1,368,396
18 July 2022|32.74|32.87|32.13|32.36|28.41|549,891
15 July 2022|33.23|33.79|32.31|32.45|28.49|759,715
14 July 2022|33.28|33.74|32.46|33.64|29.54|1,156,051
13 July 2022|33.05|33.50|32.84|32.93|28.91|860,798
12 July 2022|34.16|34.44|33.36|33.50|29.42|963,140
11 July 2022|33.65|34.12|33.12|33.26|29.20|469,286
08 July 2022|33.45|33.99|33.39|33.64|29.54|457,609
07 July 2022|32.94|33.31|32.73|33.21|29.16|692,104
06 July 2022|33.50|33.97|32.85|32.85|28.84|645,384
05 July 2022|34.25|34.47|33.88|34.31|30.13|695,897
04 July 2022|33.85|34.53|33.84|34.00|29.85|591,231
01 July 2022|34.47|34.47|33.81|33.83|29.71|678,667
30 June 2022|33.90|34.53|33.82|34.23|30.06|808,521
29 June 2022|34.77|34.99|34.38|34.53|30.32|889,154
28 June 2022|34.20|35.12|34.20|34.75|30.51|1,311,224
27 June 2022|33.25|34.10|33.25|34.06|29.91|911,570
24 June 2022|33.47|33.88|32.73|33.15|29.11|827,925
23 June 2022|33.73|34.39|33.00|34.04|29.89|679,526
22 June 2022|34.00|35.23|33.53|34.34|30.15|1,560,132
21 June 2022|32.98|33.51|32.65|33.08|29.05|1,045,383
20 June 2022|32.00|32.36|30.88|32.01|28.11|1,038,929
17 June 2022|32.25|32.60|32.01|32.49|28.53|2,172,926
16 June 2022|33.14|33.64|32.83|33.00|28.98|969,544
15 June 2022|34.50|34.68|33.12|33.27|29.21|1,443,076
14 June 2022|33.91|34.61|33.39|34.44|30.24|1,804,516
10 June 2022|35.38|36.03|35.12|35.31|31.00|1,137,522
09 June 2022|36.25|36.52|36.03|36.15|31.74|945,896
08 June 2022|37.44|37.55|36.13|36.30|31.87|1,453,759
07 June 2022|35.46|36.11|35.04|36.00|31.61|1,492,934
06 June 2022|35.20|35.50|34.96|35.15|30.86|592,532
03 June 2022|34.21|35.20|34.10|35.19|30.90|685,877
02 June 2022|34.00|34.21|33.61|33.92|29.78|476,229
01 June 2022|33.36|33.93|33.25|33.87|29.74|591,102
31 May 2022|33.44|33.64|33.05|33.36|29.29|1,590,683
30 May 2022|34.39|34.50|33.30|33.40|29.33|643,773
27 May 2022|33.93|34.08|33.70|34.00|29.85|438,212
26 May 2022|33.68|34.03|33.65|33.76|29.64|441,727
25 May 2022|33.22|33.90|33.05|33.58|29.49|780,055
24 May 2022|33.20|33.99|33.20|33.45|29.37|581,825
23 May 2022|34.26|34.33|33.27|33.48|29.40|675,658
20 May 2022|34.31|35.08|34.15|34.32|30.14|941,904
19 May 2022|33.81|34.48|33.57|34.30|30.12|1,043,724
18 May 2022|34.45|34.91|34.02|34.59|30.37|844,982
17 May 2022|33.95|34.09|33.60|33.99|29.85|664,179
16 May 2022|34.11|34.20|33.53|33.68|29.57|364,831
13 May 2022|33.25|34.20|32.41|33.92|29.78|865,049
12 May 2022|33.50|34.41|32.86|33.13|29.09|1,309,613
11 May 2022|32.96|33.25|31.65|32.65|28.67|912,529
10 May 2022|31.80|33.08|31.50|33.01|28.99|952,053
09 May 2022|33.66|33.66|32.89|33.24|29.19|380,783
06 May 2022|33.00|33.59|32.73|33.04|29.01|698,578
05 May 2022|34.33|34.49|33.41|33.86|29.73|629,485
04 May 2022|33.67|34.05|33.36|33.94|29.80|782,187
03 May 2022|33.34|33.58|32.94|33.31|29.25|464,254
02 May 2022|33.41|33.60|32.97|33.39|29.32|411,847
29 Apr 2022|34.16|34.81|33.78|33.85|29.72|1,233,438
28 Apr 2022|32.26|33.55|32.26|33.48|29.40|956,143
27 Apr 2022|32.60|32.93|32.15|32.25|28.32|482,991
26 Apr 2022|32.60|32.83|31.79|32.30|28.36|597,726
22 Apr 2022|32.34|33.04|32.29|32.84|28.84|627,726
21 Apr 2022|32.64|33.17|32.26|32.99|28.97|546,523
20 Apr 2022|32.19|32.30|31.87|32.16|28.24|451,052
19 Apr 2022|32.00|32.23|31.81|32.12|28.20|472,008
14 Apr 2022|32.17|32.28|31.79|31.92|28.03|665,623
13 Apr 2022|32.44|32.80|31.90|32.00|28.10|996,616
12 Apr 2022|31.21|31.84|31.21|31.68|27.82|597,730
11 Apr 2022|32.25|32.31|31.00|31.65|27.79|581,990
08 Apr 2022|32.02|32.45|31.90|31.93|28.04|708,341
07 Apr 2022|30.67|31.99|30.67|31.80|27.92|641,204
06 Apr 2022|30.96|31.41|30.70|31.41|27.58|500,257
05 Apr 2022|31.37|32.06|31.16|31.30|27.48|809,166
04 Apr 2022|30.46|30.63|30.22|30.40|26.69|465,360
01 Apr 2022|30.06|30.78|30.06|30.51|26.79|453,202
31 Mar 2022|31.40|31.40|30.43|30.64|26.90|926,015
30 Mar 2022|31.61|31.70|30.41|30.73|26.98|722,333
29 Mar 2022|30.65|31.36|30.53|31.23|27.42|525,930
28 Mar 2022|30.17|30.65|29.81|30.50|26.78|341,430
25 Mar 2022|29.80|30.05|29.64|29.91|26.26|1,004,965
24 Mar 2022|29.55|30.06|29.55|29.91|26.26|323,216
23 Mar 2022|29.88|30.26|29.51|29.78|26.15|367,926
22 Mar 2022|30.52|30.52|29.75|29.96|26.31|612,423
21 Mar 2022|30.67|30.86|29.63|30.00|26.34|755,745
18 Mar 2022|30.00|30.59|29.52|30.59|26.86|1,763,902
17 Mar 2022|29.08|29.90|29.03|29.67|26.05|1,128,689
16 Mar 2022|29.00|29.20|28.60|28.65|25.16|648,141
15 Mar 2022|28.68|28.97|28.08|28.63|25.14|759,038
14 Mar 2022|28.90|29.04|28.42|28.87|25.35|611,991
11 Mar 2022|28.00|28.38|27.89|28.13|24.70|737,650
10 Mar 2022|28.08|28.65|27.76|27.90|24.50|1,761,899
09 Mar 2022|27.84|28.70|27.69|28.35|24.89|1,321,522
08 Mar 2022|29.11|29.29|28.10|28.27|24.82|635,144
07 Mar 2022|30.29|30.49|29.23|29.50|25.90|655,237
04 Mar 2022|30.81|30.82|29.66|29.99|26.33|770,192
04 Mar 2022|0.41Dividend
03 Mar 2022|30.70|31.02|30.50|30.62|26.53|1,017,075
02 Mar 2022|29.13|31.10|29.03|30.65|26.55|1,170,475
01 Mar 2022|29.86|30.26|29.50|29.78|25.80|804,926
28 Feb 2022|28.99|29.51|28.87|29.47|25.53|1,411,172
25 Feb 2022|30.98|30.98|28.95|29.15|25.25|844,493
24 Feb 2022|29.78|30.28|29.73|29.98|25.97|1,160,249
23 Feb 2022|29.71|30.50|29.59|30.46|26.39|727,847
22 Feb 2022|30.00|30.45|29.58|30.00|25.99|811,265
21 Feb 2022|30.99|31.30|30.09|30.27|26.22|790,549
18 Feb 2022|31.50|31.97|31.24|31.25|27.07|1,295,627
17 Feb 2022|32.35|32.37|31.59|32.13|27.83|701,269
16 Feb 2022|32.50|32.54|32.02|32.18|27.88|601,469
15 Feb 2022|32.06|32.44|32.06|32.19|27.89|629,140
14 Feb 2022|31.98|32.35|31.84|32.35|28.03|509,220
11 Feb 2022|32.12|32.18|31.67|31.84|27.58|573,876
10 Feb 2022|32.00|32.25|31.63|32.16|27.86|1,013,721
09 Feb 2022|30.99|31.69|30.65|31.69|27.45|910,055
08 Feb 2022|31.46|31.46|30.65|31.04|26.89|917,650
07 Feb 2022|30.58|31.29|30.49|31.15|26.99|841,178
04 Feb 2022|30.12|30.37|30.10|30.37|26.31|461,311
03 Feb 2022|30.60|30.69|30.11|30.27|26.22|478,937
02 Feb 2022|30.46|30.73|30.19|30.50|26.42|746,692
01 Feb 2022|29.75|30.07|29.46|30.05|26.03|804,332
31 Jan 2022|30.00|30.00|29.16|29.73|25.76|962,701
28 Jan 2022|29.24|29.70|28.95|28.95|25.08|2,674,435
27 Jan 2022|29.88|29.88|28.41|29.11|25.22|1,395,819
25 Jan 2022|29.60|29.88|28.77|29.01|25.13|920,590
24 Jan 2022|29.96|29.97|29.50|29.80|25.82|506,899
21 Jan 2022|30.38|30.38|29.54|30.03|26.02|1,132,523
20 Jan 2022|31.55|31.55|30.53|30.75|26.64|869,307
19 Jan 2022|30.66|31.57|30.66|31.14|26.98|774,433
18 Jan 2022|31.11|31.44|30.82|31.27|27.09|1,441,713
17 Jan 2022|30.08|30.86|30.08|30.54|26.46|573,229
14 Jan 2022|30.52|30.80|30.32|30.63|26.54|394,471
13 Jan 2022|30.33|31.02|30.33|30.85|26.73|562,049
12 Jan 2022|30.07|30.59|29.93|30.33|26.28|537,870
11 Jan 2022|29.72|30.10|29.53|29.84|25.85|560,102
10 Jan 2022|29.70|30.29|29.70|30.01|26.00|368,833
07 Jan 2022|30.24|30.42|29.83|30.29|26.24|384,747
06 Jan 2022|30.14|30.29|29.23|29.44|25.50|552,056
05 Jan 2022|30.02|30.18|29.67|30.13|26.10|442,651
04 Jan 2022|30.50|30.80|29.70|30.04|26.02|535,808
31 Dec 2021|29.58|29.71|29.32|29.66|25.69|302,303
30 Dec 2021|29.91|29.91|29.13|29.46|25.52|265,178
29 Dec 2021|29.20|29.66|29.00|29.39|25.46|580,730
24 Dec 2021|29.10|29.10|28.62|28.90|25.04|192,522
23 Dec 2021|28.59|29.09|28.55|28.88|25.02|362,847
22 Dec 2021|28.75|28.98|28.28|28.88|25.02|656,137
21 Dec 2021|28.25|28.47|27.97|28.40|24.60|498,804
20 Dec 2021|28.50|28.50|27.78|27.84|24.12|453,061
17 Dec 2021|28.58|28.93|28.10|28.27|24.49|1,200,661
16 Dec 2021|28.05|28.40|27.77|27.79|24.07|542,044
15 Dec 2021|28.30|28.90|28.05|28.09|24.33|422,120
14 Dec 2021|28.10|28.58|28.10|28.31|24.53|436,398
13 Dec 2021|28.78|28.98|28.39|28.88|25.02|415,333
10 Dec 2021|28.45|28.46|28.08|28.22|24.45|391,977
09 Dec 2021|28.70|29.24|28.61|28.62|24.79|368,459
08 Dec 2021|29.06|29.13|28.51|28.91|25.05|366,459
07 Dec 2021|28.75|29.07|28.49|29.02|25.14|400,269
06 Dec 2021|28.98|29.03|28.53|28.57|24.75|448,212
03 Dec 2021|28.00|28.76|28.00|28.62|24.79|542,876
02 Dec 2021|28.27|29.00|27.91|28.43|24.63|636,964
01 Dec 2021|28.04|28.72|28.04|28.47|24.66|746,992
30 Nov 2021|28.31|29.00|28.21|28.67|24.84|1,348,697
29 Nov 2021|28.82|29.36|28.79|28.93|25.06|482,784
26 Nov 2021|30.25|30.25|28.88|29.17|25.27|794,893
25 Nov 2021|30.73|30.80|30.09|30.24|26.20|448,839
24 Nov 2021|31.00|31.30|30.45|30.64|26.54|544,446
23 Nov 2021|30.00|30.77|29.95|30.63|26.54|347,263
22 Nov 2021|30.58|30.58|29.95|30.16|26.13|445,588
19 Nov 2021|29.97|30.59|29.97|30.25|26.21|543,225
18 Nov 2021|29.65|30.45|29.65|30.26|26.21|526,029
17 Nov 2021|30.35|30.83|30.16|30.35|26.29|578,913
16 Nov 2021|29.80|30.63|29.80|30.38|26.32|686,220
15 Nov 2021|30.27|30.78|29.95|30.19|26.15|781,395
12 Nov 2021|30.05|31.00|30.05|30.83|26.71|682,859
11 Nov 2021|30.49|30.60|30.03|30.25|26.21|588,987
10 Nov 2021|31.23|31.50|30.77|30.90|26.77|542,628
09 Nov 2021|31.78|31.78|31.17|31.20|27.03|423,583
08 Nov 2021|31.90|31.96|31.44|31.80|27.55|547,722
05 Nov 2021|32.10|32.26|31.77|31.95|27.68|815,891
04 Nov 2021|31.41|31.96|31.30|31.82|27.57|894,166
03 Nov 2021|31.42|31.42|30.92|31.21|27.04|718,940
02 Nov 2021|30.95|31.11|30.76|30.84|26.72|453,127
01 Nov 2021|30.95|31.13|30.68|30.93|26.80|514,570
29 Oct 2021|30.75|30.97|30.51|30.55|26.47|593,400
28 Oct 2021|30.90|31.08|30.64|30.90|26.77|626,698
27 Oct 2021|31.46|31.55|30.99|31.21|27.04|644,427
26 Oct 2021|31.50|31.60|31.01|31.26|27.08|376,126
25 Oct 2021|31.14|31.43|30.90|31.26|27.08|621,551
22 Oct 2021|31.08|31.29|31.01|31.13|26.97|751,248
21 Oct 2021|31.49|31.64|30.92|31.36|27.17|1,155,768
20 Oct 2021|31.20|31.36|30.67|31.24|27.06|1,123,388
19 Oct 2021|30.75|31.08|30.59|30.82|26.70|1,543,443
18 Oct 2021|30.87|31.19|30.53|30.70|26.60|765,872
15 Oct 2021|31.00|31.00|30.16|30.60|26.51|809,691
14 Oct 2021|30.56|30.94|30.40|30.64|26.54|907,902
13 Oct 2021|30.09|30.68|29.92|30.30|26.25|1,867,257
12 Oct 2021|30.10|30.30|29.71|30.09|26.07|1,492,689
11 Oct 2021|30.06|30.96|29.82|30.00|25.99|3,428,372
08 Oct 2021|29.00|29.30|28.77|29.17|25.27|1,078,613
07 Oct 2021|28.89|29.09|28.68|28.80|24.95|1,194,351
06 Oct 2021|28.65|28.90|28.32|28.48|24.67|979,600
05 Oct 2021|28.25|29.20|28.25|28.64|24.81|640,910
04 Oct 2021|28.25|28.61|28.02|28.61|24.79|718,182
01 Oct 2021|26.90|28.18|26.90|28.12|24.36|718,814
30 Sept 2021|27.43|28.04|27.37|27.95|24.21|815,482
29 Sept 2021|27.24|27.73|27.15|27.31|23.66|657,897
28 Sept 2021|27.37|28.07|27.37|27.82|24.10|588,336
27 Sept 2021|27.95|28.35|27.63|27.79|24.07|703,269
24 Sept 2021|27.99|28.30|27.48|27.67|23.97|685,798
23 Sept 2021|27.39|27.96|27.39|27.83|24.11|414,714
22 Sept 2021|26.40|27.59|26.23|27.36|23.70|694,238
21 Sept 2021|26.05|27.08|26.05|26.93|23.33|819,914
20 Sept 2021|26.99|27.08|26.08|26.18|22.68|596,219
17 Sept 2021|27.51|27.96|26.94|27.15|23.52|2,886,720
16 Sept 2021|27.25|27.98|27.25|27.88|24.15|893,680
15 Sept 2021|28.10|28.19|27.58|27.66|23.96|736,825
14 Sept 2021|27.57|28.07|27.57|28.04|24.29|1,050,888
13 Sept 2021|27.10|27.93|27.10|27.43|23.76|730,925
10 Sept 2021|27.24|27.40|27.03|27.15|23.52|555,490
09 Sept 2021|27.70|27.77|26.73|27.03|23.42|936,599
08 Sept 2021|27.60|27.91|27.48|27.72|24.01|770,482
07 Sept 2021|27.57|28.07|27.47|27.90|24.17|587,353
06 Sept 2021|28.05|28.15|27.43|27.61|23.92|689,366
03 Sept 2021|28.00|28.70|27.98|28.24|24.46|793,575
03 Sept 2021|0.52Dividend
02 Sept 2021|28.32|28.66|28.01|28.34|24.10|694,935
01 Sept 2021|27.48|28.04|27.43|28.04|23.85|866,470
31 Aug 2021|28.00|28.00|27.30|27.56|23.44|1,544,163
30 Aug 2021|28.32|28.32|27.83|27.95|23.77|689,941
27 Aug 2021|27.40|28.06|27.40|27.90|23.73|554,039
26 Aug 2021|28.02|28.15|27.24|27.48|23.37|687,478
25 Aug 2021|27.78|27.99|27.55|27.87|23.70|770,183
24 Aug 2021|26.24|27.38|26.10|27.29|23.21|1,712,718
23 Aug 2021|26.28|26.70|25.76|26.22|22.30|1,541,052
20 Aug 2021|27.45|27.77|27.05|27.53|23.41|611,292
19 Aug 2021|27.85|28.03|27.10|27.40|23.30|1,300,111
18 Aug 2021|28.04|28.39|27.92|28.09|23.89|464,410
17 Aug 2021|28.12|28.59|27.93|28.29|24.06|903,263
16 Aug 2021|28.28|28.48|28.01|28.16|23.95|724,295
13 Aug 2021|28.40|28.71|28.15|28.50|24.24|1,290,675
12 Aug 2021|28.40|28.61|28.12|28.44|24.19|796,566
11 Aug 2021|28.17|28.36|27.97|28.13|23.92|1,327,909
10 Aug 2021|28.25|28.41|28.01|28.03|23.84|437,396
09 Aug 2021|29.01|29.09|28.16|28.34|24.10|602,619
06 Aug 2021|28.93|29.26|28.45|29.04|24.70|717,275
05 Aug 2021|28.79|29.00|28.64|28.78|24.47|339,483
04 Aug 2021|28.50|28.89|28.44|28.78|24.47|516,960
03 Aug 2021|28.50|28.85|28.46|28.57|24.30|382,121
02 Aug 2021|28.20|29.08|28.20|28.92|24.59|452,094
30 July 2021|28.40|28.84|28.19|28.25|24.02|756,288
29 July 2021|28.25|28.55|28.07|28.48|24.22|572,455
28 July 2021|28.80|28.89|28.10|28.20|23.98|558,036
27 July 2021|28.50|29.05|28.24|28.75|24.45|845,365
26 July 2021|28.96|28.96|27.96|28.31|24.08|589,230
23 July 2021|28.60|28.98|28.38|28.77|24.47|430,660
22 July 2021|28.38|28.97|28.13|28.62|24.34|516,558
21 July 2021|28.00|28.49|27.71|28.21|23.99|937,224
20 July 2021|27.99|28.32|27.60|27.69|23.55|1,300,079
19 July 2021|28.67|28.79|28.18|28.55|24.28|594,328
16 July 2021|29.00|29.29|28.83|28.83|24.52|1,011,744
15 July 2021|29.77|29.81|29.19|29.30|24.92|693,815
14 July 2021|29.32|29.84|29.08|29.61|25.18|862,076
13 July 2021|29.31|30.00|29.00|29.22|24.85|901,393
12 July 2021|29.11|29.42|28.96|29.18|24.82|504,137
09 July 2021|29.25|30.37|28.94|29.09|24.74|1,038,333
08 July 2021|28.39|29.01|28.28|28.67|24.38|671,581
07 July 2021|28.74|28.85|28.32|28.32|24.08|382,659
06 July 2021|28.56|29.63|28.53|29.01|24.67|738,039
05 July 2021|28.10|28.90|27.95|28.85|24.53|883,095
02 July 2021|27.85|28.45|27.85|28.02|23.83|473,258
01 July 2021|28.20|28.36|27.81|27.90|23.73|360,765
30 June 2021|28.52|28.57|28.13|28.21|23.99|486,488
29 June 2021|27.95|28.32|27.55|28.25|24.02|611,140
28 June 2021|28.08|28.16|27.85|28.13|23.92|360,530
25 June 2021|28.32|28.44|27.95|28.17|23.96|387,623
24 June 2021|28.62|28.68|28.10|28.24|24.02|654,048
23 June 2021|28.86|29.11|28.61|28.78|24.47|543,412
22 June 2021|29.01|29.43|28.92|29.10|24.75|564,276
21 June 2021|28.35|29.30|28.10|28.93|24.60|523,660
18 June 2021|29.69|29.73|29.18|29.37|24.98|1,308,813
17 June 2021|29.70|29.85|28.85|29.73|25.28|1,118,489
16 June 2021|29.13|29.60|28.96|29.32|24.93|658,881
15 June 2021|29.50|29.60|28.78|28.97|24.64|882,036
11 June 2021|29.36|29.47|28.85|29.34|24.95|512,282
10 June 2021|29.74|30.02|29.58|29.65|25.21|607,948
09 June 2021|29.75|30.10|29.69|29.72|25.27|575,831
08 June 2021|29.74|29.91|29.45|29.75|25.30|535,865
07 June 2021|29.88|30.04|29.55|29.81|25.35|516,082
04 June 2021|29.44|29.69|29.19|29.63|25.20|721,214
03 June 2021|28.92|29.60|28.70|29.15|24.79|1,308,276
02 June 2021|28.30|29.00|28.30|28.56|24.29|689,645
01 June 2021|28.62|28.90|28.37|28.76|24.46|384,412
31 May 2021|28.96|29.12|28.35|28.55|24.28|563,201
28 May 2021|29.38|29.40|28.98|29.17|24.81|549,165
27 May 2021|29.25|29.55|28.99|29.35|24.96|2,705,989
26 May 2021|28.99|29.51|28.88|29.09|24.74|745,253
25 May 2021|29.10|29.32|28.80|28.97|24.64|525,072
24 May 2021|28.38|29.02|28.11|29.02|24.68|1,008,575
21 May 2021|28.00|28.38|27.82|28.32|24.08|756,780
20 May 2021|27.50|28.15|27.29|27.97|23.79|618,971
19 May 2021|27.70|27.99|27.37|27.83|23.67|1,050,338
18 May 2021|28.10|28.20|27.68|27.91|23.74|881,592
17 May 2021|27.79|28.49|27.02|27.51|23.39|994,128
14 May 2021|26.10|26.27|25.85|25.93|22.05|280,674
13 May 2021|25.90|26.09|25.63|25.87|22.00|380,577
12 May 2021|26.05|26.31|25.92|26.07|22.17|539,868
11 May 2021|26.45|26.75|26.26|26.50|22.54|429,314
10 May 2021|26.52|27.08|26.38|26.97|22.94|346,715
07 May 2021|26.43|26.65|25.93|26.52|22.55|291,593
06 May 2021|26.38|26.48|26.23|26.28|22.35|518,987
05 May 2021|26.70|26.70|26.30|26.38|22.43|695,933
04 May 2021|26.30|26.67|26.14|26.52|22.55|612,482
03 May 2021|25.92|26.15|25.49|25.93|22.05|543,123
30 Apr 2021|25.58|25.73|25.09|25.59|21.76|715,213
29 Apr 2021|25.59|25.86|25.30|25.72|21.87|496,707
28 Apr 2021|25.17|25.53|25.10|25.33|21.54|523,600
27 Apr 2021|25.12|25.49|25.05|25.29|21.51|500,795
26 Apr 2021|25.45|25.45|25.00|25.17|21.40|397,441
23 Apr 2021|25.45|25.45|25.15|25.26|21.48|253,515
22 Apr 2021|25.40|25.53|25.11|25.48|21.67|456,008
21 Apr 2021|25.55|25.70|25.37|25.54|21.72|609,078
20 Apr 2021|26.07|26.30|25.64|25.71|21.86|573,358
19 Apr 2021|25.77|26.32|25.67|26.03|22.14|448,840
16 Apr 2021|25.93|26.26|25.73|25.90|22.03|1,367,261
15 Apr 2021|24.50|25.97|24.50|25.73|21.88|938,107
14 Apr 2021|24.29|24.68|24.19|24.41|20.76|1,364,415
13 Apr 2021|24.51|24.54|23.93|24.25|20.62|998,172
12 Apr 2021|24.57|24.71|24.25|24.50|20.84|331,490
09 Apr 2021|24.75|25.00|24.27|24.57|20.89|476,111
08 Apr 2021|24.79|25.00|24.65|24.90|21.18|487,597
07 Apr 2021|24.67|24.70|24.18|24.57|20.89|929,207
06 Apr 2021|24.80|25.17|24.33|24.53|20.86|433,866
01 Apr 2021|24.65|24.83|24.34|24.52|20.85|777,060
31 Mar 2021|24.69|24.93|24.53|24.55|20.88|954,996
30 Mar 2021|25.35|25.41|24.55|24.65|20.96|797,566
29 Mar 2021|25.38|25.53|25.13|25.13|21.37|616,140
26 Mar 2021|25.06|25.42|24.66|25.08|21.33|644,314
25 Mar 2021|24.89|25.32|24.84|24.95|21.22|873,970
24 Mar 2021|24.63|25.07|24.20|24.94|21.21|884,185
23 Mar 2021|24.37|24.83|24.10|24.56|20.89|1,022,547
22 Mar 2021|23.10|24.44|23.04|24.22|20.60|1,108,936
19 Mar 2021|23.00|23.33|22.20|22.92|19.49|3,199,854
18 Mar 2021|23.09|23.39|23.09|23.25|19.77|809,535
17 Mar 2021|23.60|23.72|23.10|23.45|19.94|1,537,673
16 Mar 2021|23.48|23.84|22.96|23.71|20.16|1,234,031
15 Mar 2021|23.95|23.99|23.52|23.53|20.01|659,778
12 Mar 2021|23.90|24.01|23.60|23.90|20.32|761,733
11 Mar 2021|23.52|24.06|23.50|23.79|20.23|1,321,163
10 Mar 2021|24.05|24.12|23.31|23.40|19.90|1,407,287
09 Mar 2021|24.11|24.15|23.57|23.89|20.32|942,302
08 Mar 2021|24.02|24.19|23.37|23.75|20.20|1,062,411
05 Mar 2021|23.90|24.16|23.67|23.90|20.32|930,962
05 Mar 2021|0.23Dividend
04 Mar 2021|24.00|24.41|23.60|24.11|20.31|1,169,410
03 Mar 2021|24.36|24.54|23.93|24.10|20.30|813,996
02 Mar 2021|24.80|24.97|24.18|24.33|20.49|882,374
01 Mar 2021|24.83|25.23|24.36|24.78|20.87|820,492
26 Feb 2021|25.05|25.20|24.47|24.58|20.70|1,358,356
25 Feb 2021|25.85|25.92|25.30|25.41|21.40|729,296
24 Feb 2021|25.90|26.18|25.39|25.58|21.55|932,240
23 Feb 2021|25.71|26.10|25.56|26.00|21.90|745,080
22 Feb 2021|26.01|26.49|24.53|25.77|21.71|927,404
19 Feb 2021|26.80|27.17|26.39|26.49|22.31|773,166
18 Feb 2021|27.54|27.65|26.89|27.08|22.81|396,960
17 Feb 2021|27.56|27.59|26.87|27.32|23.01|472,894
16 Feb 2021|27.05|27.62|27.05|27.59|23.24|445,712
15 Feb 2021|26.87|27.25|26.79|27.05|22.78|486,806
12 Feb 2021|26.79|27.05|26.72|26.75|22.53|282,559
11 Feb 2021|27.00|27.25|26.82|27.00|22.74|441,820
10 Feb 2021|26.96|27.35|26.75|27.08|22.81|688,185
09 Feb 2021|26.81|27.05|26.66|26.74|22.52|404,765
08 Feb 2021|26.75|27.19|26.75|27.03|22.77|539,948
05 Feb 2021|26.51|26.97|26.38|26.86|22.62|962,953
04 Feb 2021|27.15|27.15|26.44|26.64|22.44|895,777
03 Feb 2021|26.70|27.08|26.57|26.87|22.63|841,279
02 Feb 2021|26.20|26.53|26.10|26.25|22.11|747,292
01 Feb 2021|26.10|26.56|25.77|26.30|22.15|848,188
29 Jan 2021|26.60|26.70|25.97|26.17|22.04|2,173,910
28 Jan 2021|27.51|27.70|26.35|26.46|22.29|1,149,874
27 Jan 2021|29.10|29.10|27.74|27.80|23.42|1,307,657
25 Jan 2021|30.40|30.72|28.86|29.24|24.63|1,898,736
22 Jan 2021|30.63|30.81|30.40|30.75|25.90|2,671,136
21 Jan 2021|31.04|31.31|30.67|30.85|25.99|1,239,862
20 Jan 2021|30.69|31.45|30.50|31.00|26.11|1,339,509
19 Jan 2021|30.26|30.76|30.12|30.39|25.60|1,063,900
18 Jan 2021|29.50|30.43|29.21|29.99|25.26|1,047,111
15 Jan 2021|28.45|28.89|28.27|28.85|24.30|586,336
14 Jan 2021|28.16|28.88|28.16|28.58|24.07|498,820
13 Jan 2021|27.99|28.55|27.99|28.55|24.05|574,906
12 Jan 2021|27.65|28.30|27.65|28.08|23.65|379,232
11 Jan 2021|28.10|28.65|27.80|27.93|23.53|444,081
08 Jan 2021|28.46|28.76|28.10|28.61|24.10|598,818
07 Jan 2021|27.87|28.29|27.67|28.24|23.79|670,556
06 Jan 2021|27.96|28.53|27.55|27.74|23.37|764,284
05 Jan 2021|27.91|28.18|27.62|28.08|23.65|377,284
04 Jan 2021|28.00|28.35|28.00|28.24|23.79|241,946
31 Dec 2020|28.37|28.67|28.13|28.42|23.94|210,364
30 Dec 2020|28.40|28.78|28.01|28.44|23.96|331,170
29 Dec 2020|28.60|28.70|28.15|28.33|23.86|237,360
24 Dec 2020|28.05|28.50|28.05|28.34|23.87|135,624
23 Dec 2020|28.08|28.26|27.88|28.17|23.73|357,569
22 Dec 2020|28.26|28.99|27.64|27.84|23.45|617,200
21 Dec 2020|28.55|28.79|28.17|28.48|23.99|616,318
18 Dec 2020|29.34|29.89|28.36|28.51|24.01|1,289,908
17 Dec 2020|29.10|29.93|29.10|29.93|25.21|874,425
16 Dec 2020|30.08|30.35|29.54|29.60|24.93|635,962
15 Dec 2020|30.67|31.17|29.90|30.09|25.34|555,811
14 Dec 2020|30.63|31.11|30.59|30.64|25.81|349,514
11 Dec 2020|30.33|30.95|30.33|30.84|25.98|638,097
10 Dec 2020|30.30|30.64|30.25|30.50|25.69|882,975
09 Dec 2020|30.60|30.83|30.41|30.41|25.61|713,557
08 Dec 2020|30.70|30.97|30.56|30.68|25.84|531,631
07 Dec 2020|30.51|31.20|30.51|30.85|25.99|321,413
04 Dec 2020|30.50|30.77|30.23|30.77|25.92|738,775
03 Dec 2020|30.95|31.07|30.58|30.85|25.99|398,721
02 Dec 2020|30.84|30.84|30.33|30.68|25.84|431,716
01 Dec 2020|30.50|30.86|30.02|30.86|25.99|499,823
30 Nov 2020|30.40|30.86|30.15|30.65|25.82|2,212,926
27 Nov 2020|30.20|30.87|30.12|30.63|25.80|577,216
26 Nov 2020|30.95|31.10|30.69|30.97|26.09|691,473
25 Nov 2020|30.47|31.43|30.06|31.14|26.23|1,973,618
24 Nov 2020|30.10|30.29|29.68|30.10|25.35|1,772,128
23 Nov 2020|30.22|30.97|29.56|29.75|25.06|1,643,751
20 Nov 2020|28.22|28.64|28.16|28.43|23.95|572,379
19 Nov 2020|28.26|28.49|27.94|28.45|23.96|514,118
18 Nov 2020|28.45|28.75|28.20|28.38|23.90|1,206,721
17 Nov 2020|28.25|28.68|28.08|28.68|24.16|1,253,236
16 Nov 2020|28.06|28.08|27.55|28.02|23.61|24,048
13 Nov 2020|27.76|27.81|26.91|27.59|23.24|857,142
12 Nov 2020|28.23|28.25|27.52|27.89|23.49|643,827
11 Nov 2020|27.86|28.25|27.61|28.15|23.71|967,158
10 Nov 2020|26.76|27.75|26.76|27.71|23.34|1,256,015
09 Nov 2020|25.84|26.34|25.83|26.30|22.15|571,447
06 Nov 2020|25.61|25.73|25.25|25.66|21.61|418,981
05 Nov 2020|25.31|25.72|25.11|25.30|21.31|1,164,286
04 Nov 2020|25.59|25.91|25.09|25.43|21.42|901,723
03 Nov 2020|25.35|25.93|25.25|25.88|21.80|651,305
02 Nov 2020|25.25|25.74|25.00|25.36|21.36|889,994
30 Oct 2020|25.52|26.10|25.42|25.94|21.85|1,166,155
29 Oct 2020|25.60|25.70|25.33|25.41|21.40|930,002
28 Oct 2020|25.21|25.86|25.04|25.66|21.61|995,917
27 Oct 2020|26.00|26.00|25.52|25.78|21.71|1,103,551
26 Oct 2020|25.76|26.25|25.17|25.98|21.88|860,160
23 Oct 2020|25.42|26.04|25.42|25.84|21.77|574,520
22 Oct 2020|25.62|26.10|25.23|25.70|21.65|672,064
21 Oct 2020|26.18|26.26|25.83|26.06|21.95|1,216,311
20 Oct 2020|25.48|26.64|25.48|26.18|22.05|1,063,358
19 Oct 2020|25.11|25.55|24.91|25.42|21.41|522,511
16 Oct 2020|25.30|25.39|24.93|25.10|21.14|818,705
15 Oct 2020|25.04|25.37|24.78|25.11|21.15|1,569,596
14 Oct 2020|24.65|25.07|24.61|24.92|20.99|1,061,178
13 Oct 2020|24.94|25.00|24.39|24.60|20.72|352,093
12 Oct 2020|24.53|24.66|24.25|24.60|20.72|660,831
09 Oct 2020|24.61|24.87|24.40|24.54|20.67|466,836
08 Oct 2020|24.27|24.88|23.91|24.60|20.72|743,265
07 Oct 2020|24.03|24.47|23.66|24.31|20.48|543,485
06 Oct 2020|24.03|24.06|23.62|24.06|20.27|557,898
05 Oct 2020|22.90|23.65|22.90|23.58|19.86|313,780
02 Oct 2020|23.45|23.75|22.87|22.89|19.28|445,591
01 Oct 2020|24.15|24.30|23.60|23.60|19.88|739,982
30 Sept 2020|24.08|24.21|23.60|23.95|20.17|1,409,002
29 Sept 2020|24.30|24.50|24.10|24.28|20.45|1,064,627
28 Sept 2020|23.55|23.95|23.48|23.77|20.02|494,296
25 Sept 2020|23.59|23.83|23.27|23.65|19.92|561,047
24 Sept 2020|23.39|23.78|23.16|23.52|19.81|690,265
23 Sept 2020|23.62|23.84|23.12|23.65|19.92|1,154,100
22 Sept 2020|23.48|23.50|22.86|23.09|19.45|1,073,377
21 Sept 2020|23.64|23.94|23.50|23.74|20.00|778,923
18 Sept 2020|23.35|23.81|23.35|23.56|19.84|1,370,139
17 Sept 2020|23.62|23.73|23.12|23.57|19.85|1,064,407
16 Sept 2020|23.65|23.76|23.16|23.47|19.77|899,862
15 Sept 2020|24.04|24.16|23.40|23.52|19.81|891,428
14 Sept 2020|23.96|24.32|23.82|24.02|20.23|888,015
11 Sept 2020|23.56|23.96|23.45|23.63|19.90|733,950
10 Sept 2020|24.36|24.68|23.59|23.95|20.17|1,007,029
09 Sept 2020|24.10|24.47|23.99|24.19|20.38|917,087
08 Sept 2020|24.30|24.97|24.26|24.69|20.80|575,741
07 Sept 2020|24.16|24.50|24.05|24.39|20.54|715,782
07 Sept 2020|0.25Dividend
04 Sept 2020|25.92|25.92|24.98|25.00|20.85|1,346,707
03 Sept 2020|26.19|26.50|25.94|26.30|21.93|1,169,090
02 Sept 2020|26.00|26.67|25.91|26.59|22.17|809,301
01 Sept 2020|25.70|25.81|25.27|25.62|21.36|801,292
31 Aug 2020|25.95|26.19|25.81|26.02|21.70|980,640
28 Aug 2020|26.16|26.90|25.74|25.90|21.60|1,296,942
27 Aug 2020|26.86|27.13|26.66|26.97|22.49|994,790
26 Aug 2020|26.77|27.07|25.90|27.06|22.56|1,652,709
25 Aug 2020|28.55|28.57|26.68|26.96|22.48|1,439,366
24 Aug 2020|28.40|28.50|27.87|28.20|23.52|281,916
21 Aug 2020|27.78|28.56|27.53|28.40|23.68|590,894
20 Aug 2020|27.80|28.17|27.44|27.90|23.27|939,231
19 Aug 2020|29.00|29.15|28.43|28.63|23.87|708,282
18 Aug 2020|28.88|29.03|28.72|28.90|24.10|848,250
17 Aug 2020|29.21|29.40|28.50|28.76|23.98|1,799,987
14 Aug 2020|29.74|30.02|29.26|29.84|24.88|685,563
13 Aug 2020|29.80|29.90|29.09|29.30|24.43|915,122
12 Aug 2020|29.36|29.83|29.17|29.47|24.57|1,143,483
11 Aug 2020|29.66|29.99|29.42|29.57|24.66|627,933
10 Aug 2020|29.65|30.08|29.31|29.75|24.81|640,896
07 Aug 2020|29.00|29.30|28.72|29.04|24.22|630,471
06 Aug 2020|28.44|28.93|28.31|28.88|24.08|803,847
05 Aug 2020|28.21|28.34|27.75|28.25|23.56|673,421
04 Aug 2020|27.84|28.26|27.55|28.14|23.47|693,738
03 Aug 2020|26.99|27.70|26.15|27.54|22.97|922,783
31 July 2020|26.98|27.20|25.95|26.28|21.91|862,074
30 July 2020|27.03|27.47|26.86|27.24|22.71|1,081,966
29 July 2020|27.41|27.67|26.88|26.90|22.43|513,363
28 July 2020|27.66|28.08|27.39|27.40|22.85|403,576
27 July 2020|27.36|27.84|27.31|27.71|23.11|427,086
24 July 2020|27.55|27.74|27.45|27.53|22.96|441,213
23 July 2020|27.67|27.86|27.49|27.80|23.18|384,580
22 July 2020|27.37|28.15|27.14|27.80|23.18|767,777
21 July 2020|27.02|27.58|26.86|27.46|22.90|808,208
20 July 2020|27.65|27.80|26.89|27.02|22.53|499,538
17 July 2020|27.71|27.89|27.59|27.81|23.19|626,519
16 July 2020|28.26|28.44|27.72|27.92|23.28|644,370
15 July 2020|28.15|28.47|27.83|28.06|23.40|693,439
14 July 2020|28.19|28.30|27.89|27.96|23.32|426,419
13 July 2020|28.40|28.85|28.16|28.34|23.63|681,951
10 July 2020|27.65|28.21|27.63|28.10|23.43|751,600
09 July 2020|28.35|28.36|27.88|27.92|23.28|601,043
08 July 2020|27.97|28.19|27.58|27.85|23.22|630,647
07 July 2020|28.15|28.44|27.77|27.97|23.32|572,731
06 July 2020|28.20|28.34|27.96|28.09|23.42|411,583
03 July 2020|28.79|29.15|28.37|28.48|23.75|477,984
02 July 2020|28.55|28.97|28.44|28.95|24.14|637,375
01 July 2020|29.51|29.78|27.91|28.21|23.52|729,849
30 June 2020|28.89|29.76|28.35|29.32|24.45|1,406,976
29 June 2020|27.80|28.33|27.32|28.19|23.51|746,909
26 June 2020|27.65|27.98|27.36|27.91|23.27|823,561
25 June 2020|28.00|28.04|27.53|27.53|22.96|682,542
24 June 2020|28.62|28.85|28.32|28.50|23.77|675,799
23 June 2020|28.89|29.30|28.31|28.50|23.77|541,821
22 June 2020|28.45|28.59|28.04|28.50|23.77|619,443
19 June 2020|28.45|28.68|27.95|28.40|23.68|2,635,304
18 June 2020|28.50|28.50|27.43|28.07|23.41|2,997,495
17 June 2020|29.00|29.07|28.17|28.76|23.98|1,411,012
16 June 2020|27.94|29.00|27.92|28.70|23.93|1,245,204
15 June 2020|27.44|27.83|27.12|27.14|22.63|1,093,990
12 June 2020|27.45|28.22|27.00|27.83|23.21|1,207,273
11 June 2020|28.10|28.70|27.75|27.87|23.24|1,532,933
10 June 2020|28.18|28.75|28.02|28.52|23.78|1,149,557
09 June 2020|27.73|28.84|27.51|28.40|23.68|1,416,658
05 June 2020|28.03|28.52|27.51|28.27|23.57|851,808
04 June 2020|28.75|28.90|27.92|28.27|23.57|1,649,902
03 June 2020|28.01|28.17|27.52|27.95|23.31|802,248
02 June 2020|27.90|27.94|27.25|27.60|23.02|579,226
01 June 2020|27.06|27.56|26.43|27.40|22.85|1,022,174
29 May 2020|27.15|27.70|27.00|27.09|22.59|2,996,390
28 May 2020|26.55|27.25|26.32|26.75|22.31|1,073,845
27 May 2020|26.54|26.93|26.07|26.42|22.03|1,670,323
26 May 2020|26.20|26.57|25.82|26.56|22.15|1,111,552
25 May 2020|25.50|26.36|25.30|26.25|21.89|829,002
22 May 2020|25.40|25.48|25.17|25.26|21.06|793,189
21 May 2020|25.48|25.63|25.09|25.43|21.21|801,545
20 May 2020|25.12|25.65|25.00|25.04|20.88|697,699
19 May 2020|25.99|26.50|25.81|26.00|21.68|405,780
18 May 2020|25.50|25.80|25.05|25.32|21.11|807,281
15 May 2020|25.00|25.17|24.54|25.17|20.99|747,973
14 May 2020|24.60|24.87|24.17|24.24|20.21|666,225
13 May 2020|24.20|24.87|23.85|24.87|20.74|853,563
12 May 2020|25.60|25.60|24.50|24.59|20.51|993,628
11 May 2020|24.59|25.28|24.31|25.16|20.98|1,001,250
08 May 2020|24.06|24.60|23.73|24.50|20.43|642,728
07 May 2020|24.35|24.52|23.86|24.34|20.30|1,441,668
06 May 2020|24.35|24.55|23.97|24.30|20.26|653,286
05 May 2020|23.60|24.57|23.60|24.35|20.31|932,626
04 May 2020|23.05|23.76|22.55|23.68|19.75|560,351
01 May 2020|24.70|24.70|23.34|23.40|19.51|850,383
30 Apr 2020|24.00|25.11|23.83|24.92|20.78|1,512,016
29 Apr 2020|23.19|23.53|22.58|23.00|19.18|934,063
28 Apr 2020|22.83|22.98|22.51|22.72|18.95|1,082,482
27 Apr 2020|22.14|22.86|22.14|22.86|19.06|1,526,180
24 Apr 2020|22.39|22.70|22.25|22.43|18.70|692,408
23 Apr 2020|23.20|23.20|22.38|22.48|18.75|1,662,519
22 Apr 2020|21.68|22.93|21.39|22.58|18.83|1,292,504
21 Apr 2020|21.50|22.25|21.34|21.98|18.33|2,000,662
20 Apr 2020|22.49|22.54|21.42|21.72|18.11|3,550,881
17 Apr 2020|23.93|24.01|23.37|23.56|19.65|708,297
16 Apr 2020|23.06|24.18|23.06|23.57|19.65|1,189,126
15 Apr 2020|23.90|24.19|23.34|23.53|19.62|963,424
14 Apr 2020|24.00|24.23|23.36|24.02|20.03|1,423,353
09 Apr 2020|24.68|25.21|23.33|24.22|20.20|1,184,558
08 Apr 2020|23.84|24.24|23.27|23.76|19.81|1,467,239
07 Apr 2020|25.51|25.94|24.31|24.65|20.56|1,210,426
06 Apr 2020|24.03|24.63|23.40|24.51|20.44|998,727
03 Apr 2020|24.26|24.66|22.70|23.00|19.18|1,328,522
02 Apr 2020|23.25|23.27|22.37|23.04|19.21|1,468,766
01 Apr 2020|22.90|23.65|22.52|23.30|19.43|1,522,973
31 Mar 2020|23.38|24.27|21.64|22.32|18.61|1,499,588
30 Mar 2020|21.50|22.30|20.70|22.30|18.60|1,520,444
27 Mar 2020|22.94|23.59|20.87|21.82|18.20|3,301,474
26 Mar 2020|21.75|23.46|21.50|22.62|18.86|1,935,195
25 Mar 2020|21.66|22.58|20.42|21.00|17.51|1,564,081
24 Mar 2020|19.22|20.72|19.22|20.51|17.10|1,164,418
23 Mar 2020|20.00|20.00|18.32|19.00|15.84|1,876,182
20 Mar 2020|21.60|21.62|20.42|20.50|17.09|2,950,400
19 Mar 2020|18.68|20.65|18.44|19.50|16.26|4,325,428
18 Mar 2020|20.99|21.27|19.70|19.77|16.49|3,230,329
17 Mar 2020|22.85|23.48|20.05|22.09|18.42|3,565,855
16 Mar 2020|23.50|23.72|22.53|22.90|19.10|3,155,778
13 Mar 2020|23.50|24.79|21.90|24.79|20.67|3,168,318
12 Mar 2020|27.45|27.51|24.23|24.95|20.81|2,947,354
11 Mar 2020|28.00|28.47|27.50|27.53|22.96|2,956,517
10 Mar 2020|25.55|27.68|25.53|27.50|22.93|2,328,786
09 Mar 2020|31.00|31.18|26.82|26.82|22.36|2,679,225
09 Mar 2020|0.51Dividend
06 Mar 2020|32.00|32.67|31.71|32.19|26.42|1,778,817
05 Mar 2020|32.87|33.20|32.69|32.80|26.92|2,457,947
04 Mar 2020|32.36|32.78|32.23|32.51|26.68|1,368,216
03 Mar 2020|32.60|33.35|32.34|32.70|26.84|1,577,511
02 Mar 2020|31.98|32.18|31.38|32.00|26.26|2,221,757
28 Feb 2020|33.15|33.39|32.42|32.70|26.84|2,392,592
27 Feb 2020|34.10|34.22|33.63|33.72|27.67|1,530,959
26 Feb 2020|34.05|34.22|33.79|34.06|27.95|2,700,411
25 Feb 2020|34.38|34.39|33.97|34.15|28.03|2,644,243
24 Feb 2020|34.50|34.90|34.30|34.47|28.29|2,334,065
21 Feb 2020|34.72|34.82|34.51|34.51|28.32|981,354
20 Feb 2020|34.90|34.90|34.65|34.70|28.48|1,135,147
19 Feb 2020|34.70|34.89|34.28|34.77|28.53|1,894,929
18 Feb 2020|34.79|34.84|34.45|34.50|28.31|2,555,048
17 Feb 2020|34.35|35.03|34.25|34.85|28.60|1,685,056
14 Feb 2020|34.08|34.11|33.55|33.55|27.53|6,282,424
13 Feb 2020|34.50|34.65|33.52|33.73|27.68|3,136,215
12 Feb 2020|33.00|33.17|32.93|32.93|27.02|1,702,703
11 Feb 2020|32.72|32.99|32.47|32.82|26.93|761,250
10 Feb 2020|33.40|33.56|32.62|32.75|26.88|750,351
07 Feb 2020|34.01|34.08|33.23|33.50|27.49|1,035,043
06 Feb 2020|34.15|34.33|33.91|34.20|28.07|1,507,743
05 Feb 2020|34.09|34.47|33.59|33.70|27.66|843,774
04 Feb 2020|33.89|34.06|33.48|33.60|27.57|742,202
03 Feb 2020|34.16|34.50|33.56|33.77|27.71|884,725
31 Jan 2020|34.71|34.79|34.38|34.38|28.21|1,599,289
30 Jan 2020|34.90|34.97|34.50|34.58|28.38|783,197
29 Jan 2020|34.74|34.97|34.53|34.81|28.57|690,665
28 Jan 2020|34.73|35.00|34.49|34.55|28.35|710,094
24 Jan 2020|35.30|35.35|35.12|35.12|28.82|1,050,945
23 Jan 2020|35.26|35.27|35.07|35.19|28.88|871,566
22 Jan 2020|35.06|35.45|34.95|35.20|28.89|621,452
21 Jan 2020|35.14|35.14|34.72|34.99|28.72|524,614
20 Jan 2020|35.05|35.13|34.92|35.00|28.72|704,381
17 Jan 2020|35.50|35.69|34.82|34.91|28.65|864,737
16 Jan 2020|35.76|35.80|35.46|35.62|29.23|508,762
15 Jan 2020|35.60|35.76|35.48|35.56|29.18|526,120
14 Jan 2020|35.42|35.65|35.40|35.61|29.22|490,239
13 Jan 2020|35.35|35.58|35.32|35.44|29.08|377,779
10 Jan 2020|35.50|35.81|35.33|35.70|29.30|446,317
09 Jan 2020|35.75|35.96|35.39|35.50|29.13|1,179,899
08 Jan 2020|35.01|35.70|35.01|35.70|29.30|1,086,835
07 Jan 2020|34.92|35.10|34.64|35.05|28.76|749,123
06 Jan 2020|34.01|34.42|33.97|34.36|28.20|403,013
03 Jan 2020|34.00|34.40|33.99|34.27|28.12|342,125
02 Jan 2020|33.90|34.16|33.90|34.01|27.91|344,135
31 Dec 2019|34.00|34.12|33.95|33.95|27.86|469,728
*Close price adjusted for splits.**Close price adjusted for splits and dividend and/or capital gain distributions.
