Date|Open|High|Low|Close*|Adj. close**|Volume
20 Sept 2024|144.50|144.83|144.10|144.62|144.62|2,974,941
19 Sept 2024|144.50|145.00|143.18|144.02|144.02|3,443,075
18 Sept 2024|142.65|143.75|142.36|143.32|143.32|1,505,418
17 Sept 2024|144.00|144.00|143.03|143.04|143.04|1,556,054
16 Sept 2024|142.05|143.12|141.85|142.99|142.99|1,751,879
13 Sept 2024|143.40|143.58|140.94|141.65|141.65|1,991,893
12 Sept 2024|141.96|143.07|141.66|142.96|142.96|1,811,911
11 Sept 2024|143.40|143.49|140.79|141.05|141.05|2,649,391
10 Sept 2024|144.06|145.24|143.19|143.77|143.77|2,029,126
09 Sept 2024|140.87|143.00|140.50|142.95|142.95|1,988,596
06 Sept 2024|141.78|144.25|141.40|143.47|143.47|2,666,532
05 Sept 2024|140.63|141.85|140.34|141.35|141.35|1,585,378
04 Sept 2024|141.50|141.57|139.04|139.94|139.94|2,211,376
03 Sept 2024|141.64|143.38|141.45|143.38|143.38|1,892,624
02 Sept 2024|139.35|141.87|138.67|141.77|141.77|1,751,323
30 Aug 2024|139.45|139.88|139.00|139.50|139.50|4,322,628
29 Aug 2024|138.35|139.33|138.03|138.80|138.80|2,115,830
28 Aug 2024|136.95|138.57|136.20|138.57|138.57|2,608,279
27 Aug 2024|138.34|138.49|136.80|137.43|137.43|2,163,558
26 Aug 2024|137.51|139.29|137.18|138.81|138.81|1,888,745
23 Aug 2024|136.40|136.80|135.85|136.80|136.80|1,738,992
22 Aug 2024|136.95|136.99|135.98|136.46|136.46|1,565,951
21 Aug 2024|138.22|138.37|135.65|136.03|136.03|3,533,301
21 Aug 2024|2.5Dividend
20 Aug 2024|140.25|141.34|139.02|139.60|137.10|1,651,316
19 Aug 2024|137.72|139.25|137.37|139.25|136.76|1,937,287
16 Aug 2024|137.04|138.13|136.54|138.13|135.66|4,427,410
15 Aug 2024|134.00|136.09|133.94|134.90|132.48|2,248,327
14 Aug 2024|134.50|134.59|132.71|134.21|131.81|1,734,568
13 Aug 2024|130.43|132.52|130.23|132.52|130.15|1,465,262
12 Aug 2024|130.70|131.04|130.15|130.53|128.19|886,756
09 Aug 2024|130.00|130.23|128.88|129.55|127.23|1,941,651
08 Aug 2024|127.35|129.11|126.96|129.11|126.80|1,663,083
07 Aug 2024|126.88|128.21|126.73|127.34|125.06|1,843,515
06 Aug 2024|125.50|128.42|125.50|127.69|125.40|2,570,052
05 Aug 2024|130.60|130.78|124.89|124.89|122.65|3,591,234
02 Aug 2024|133.50|134.25|131.66|132.46|130.09|3,839,143
01 Aug 2024|138.21|138.24|136.27|136.27|133.83|1,586,163
31 July 2024|136.34|137.53|135.60|137.49|135.03|2,235,562
30 July 2024|133.51|135.95|133.29|135.95|133.52|1,937,077
29 July 2024|133.83|134.90|133.80|134.90|132.48|1,391,737
26 July 2024|133.36|133.46|132.53|133.14|130.76|1,901,929
25 July 2024|131.35|132.60|131.20|132.60|130.23|1,796,200
24 July 2024|132.60|133.10|132.27|132.78|130.40|1,130,255
23 July 2024|132.59|133.31|132.10|133.14|130.76|1,351,942
22 July 2024|130.51|131.68|130.18|131.68|129.32|1,192,662
19 July 2024|130.86|131.63|130.40|131.63|129.27|4,022,762
18 July 2024|133.24|134.00|131.91|132.66|130.28|2,061,262
17 July 2024|132.50|134.25|132.00|133.50|131.11|1,919,380
16 July 2024|132.43|133.08|132.02|132.44|130.07|1,732,649
15 July 2024|132.75|133.30|131.90|132.69|130.31|1,364,623
12 July 2024|130.80|131.84|129.89|131.66|129.30|1,965,561
11 July 2024|130.17|130.30|129.30|129.92|127.59|1,598,054
10 July 2024|128.00|128.54|127.26|128.54|126.24|1,246,766
09 July 2024|127.50|128.97|126.98|128.69|126.39|1,781,761
08 July 2024|126.90|127.17|126.09|126.47|124.21|1,027,669
05 July 2024|127.58|127.85|126.65|127.10|124.82|1,084,617
04 July 2024|126.51|127.86|126.19|127.86|125.57|1,394,064
03 July 2024|126.23|126.44|124.80|125.38|123.13|1,441,307
02 July 2024|125.80|126.20|125.40|125.66|123.41|1,457,744
01 July 2024|126.44|126.53|125.43|126.20|123.94|1,585,105
28 June 2024|127.00|127.61|126.27|127.38|125.10|2,190,551
27 June 2024|125.00|126.20|124.35|126.20|123.94|2,021,794
26 June 2024|127.64|128.09|126.64|126.90|124.63|1,900,389
25 June 2024|128.11|128.68|127.51|128.63|126.33|2,092,832
24 June 2024|127.60|127.99|126.80|126.80|124.53|1,767,854
21 June 2024|128.00|128.25|125.90|127.68|125.39|7,145,883
20 June 2024|126.65|127.84|126.53|127.75|125.46|3,548,847
19 June 2024|127.79|127.88|126.77|126.94|124.67|2,012,104
18 June 2024|126.58|127.99|126.20|127.98|125.69|2,236,320
17 June 2024|124.99|125.60|124.76|125.49|123.24|1,531,082
14 June 2024|125.36|125.60|124.85|125.31|123.07|1,597,350
13 June 2024|125.33|125.69|124.90|125.48|123.23|2,582,193
12 June 2024|124.35|124.60|123.40|124.10|121.88|1,809,137
11 June 2024|124.05|125.03|123.72|124.93|122.69|2,514,626
07 June 2024|125.00|125.55|124.08|125.55|123.30|1,414,714
06 June 2024|124.50|125.97|124.21|124.85|122.61|2,636,419
05 June 2024|123.17|123.95|122.82|123.47|121.26|2,389,848
04 June 2024|121.15|122.49|121.05|122.46|120.27|2,230,997
03 June 2024|120.34|121.29|120.22|121.29|119.12|1,686,338
31 May 2024|118.80|119.54|118.53|119.54|117.40|3,397,759
30 May 2024|117.10|118.42|116.64|117.99|115.88|1,327,847
29 May 2024|119.38|119.49|117.89|118.34|116.22|1,768,394
28 May 2024|120.09|120.33|119.51|120.31|118.16|1,699,877
27 May 2024|119.73|120.33|119.73|120.10|117.95|1,111,552
24 May 2024|119.02|119.50|118.08|118.87|116.74|1,902,826
23 May 2024|120.72|121.00|120.23|120.73|118.57|1,535,204
22 May 2024|122.07|122.35|121.30|121.50|119.32|1,428,336
21 May 2024|121.69|121.79|120.92|121.79|119.61|1,554,701
20 May 2024|121.00|121.86|120.95|121.77|119.59|1,224,873
17 May 2024|121.50|121.79|120.34|121.04|118.87|3,747,916
16 May 2024|121.00|122.55|120.20|122.26|120.07|3,208,604
15 May 2024|119.50|120.07|119.28|119.93|117.78|1,820,801
14 May 2024|118.70|119.33|118.54|119.33|117.19|1,472,592
13 May 2024|117.54|119.12|117.06|119.12|116.99|1,751,999
10 May 2024|117.71|118.35|117.25|117.54|115.44|1,483,110
09 May 2024|119.70|119.70|117.09|117.09|114.99|1,837,558
08 May 2024|119.50|119.90|118.46|119.74|117.60|2,104,415
07 May 2024|117.57|119.00|116.89|119.00|116.87|2,692,665
06 May 2024|116.01|116.59|115.78|116.59|114.50|1,426,516
03 May 2024|115.76|115.76|114.74|115.23|113.17|1,212,181
02 May 2024|114.69|115.84|114.02|115.00|112.94|1,545,052
01 May 2024|113.60|114.11|113.00|113.92|111.88|1,092,138
30 Apr 2024|113.65|114.54|113.42|114.54|112.49|1,315,376
29 Apr 2024|114.00|114.20|113.66|113.84|111.80|1,374,832
26 Apr 2024|114.45|114.56|112.77|112.99|110.97|1,672,386
24 Apr 2024|115.50|115.85|115.00|115.00|112.94|1,600,191
23 Apr 2024|114.00|114.58|113.70|114.58|112.53|1,197,831
22 Apr 2024|113.09|113.68|112.39|112.88|110.86|1,916,178
19 Apr 2024|111.65|112.51|109.94|111.86|109.86|3,479,032
18 Apr 2024|111.73|113.16|111.73|112.73|110.71|1,583,905
17 Apr 2024|112.16|112.80|111.94|111.94|109.94|1,405,392
16 Apr 2024|113.58|113.74|111.63|112.20|110.19|3,022,718
15 Apr 2024|115.20|115.30|114.29|114.64|112.59|2,434,316
12 Apr 2024|116.37|116.69|116.01|116.24|114.16|1,381,123
11 Apr 2024|116.34|116.99|116.10|116.81|114.72|1,787,099
10 Apr 2024|119.15|119.21|117.98|118.21|116.09|1,720,573
09 Apr 2024|118.72|119.15|118.48|119.15|117.02|949,230
08 Apr 2024|118.78|119.02|117.70|118.19|116.07|1,168,997
05 Apr 2024|117.07|118.17|116.63|118.04|115.93|1,387,617
04 Apr 2024|118.60|119.07|117.97|118.35|116.23|1,282,364
03 Apr 2024|119.63|119.93|117.64|117.81|115.70|2,016,061
02 Apr 2024|119.40|120.60|119.30|120.07|117.92|2,314,881
28 Mar 2024|120.56|120.56|119.40|120.34|118.18|2,679,602
27 Mar 2024|118.77|120.19|118.51|120.00|117.85|2,340,622
26 Mar 2024|118.90|119.49|118.57|118.60|116.48|1,676,353
25 Mar 2024|118.25|118.99|117.49|118.79|116.66|1,974,708
22 Mar 2024|118.30|118.35|116.56|117.48|115.38|3,825,604
21 Mar 2024|117.10|118.05|116.54|118.00|115.89|3,579,903
20 Mar 2024|116.30|116.87|115.65|115.65|113.58|2,011,037
19 Mar 2024|116.43|116.44|115.33|115.78|113.71|1,817,662
18 Mar 2024|115.40|116.56|115.27|116.46|114.37|1,471,598
15 Mar 2024|115.00|115.54|114.00|115.54|113.47|5,370,902
14 Mar 2024|117.54|117.56|115.34|116.22|114.14|1,972,503
13 Mar 2024|118.01|118.22|116.82|117.55|115.44|1,749,751
12 Mar 2024|119.02|120.08|117.51|117.74|115.63|1,912,342
11 Mar 2024|119.99|120.23|117.93|118.13|116.01|1,620,096
08 Mar 2024|119.54|121.54|119.02|121.45|119.28|3,693,739
07 Mar 2024|118.50|119.37|118.39|119.25|117.11|2,404,787
06 Mar 2024|117.00|118.41|116.68|118.31|116.19|1,499,396
05 Mar 2024|118.60|118.70|116.77|116.94|114.85|1,985,735
04 Mar 2024|117.55|118.55|117.36|118.12|116.00|1,657,258
01 Mar 2024|116.75|117.36|116.20|117.36|115.26|1,547,236
29 Feb 2024|116.18|116.76|115.23|116.41|114.33|4,036,090
28 Feb 2024|117.25|117.30|115.67|115.96|113.88|1,605,950
27 Feb 2024|116.20|117.12|115.54|117.12|115.02|2,199,043
26 Feb 2024|115.32|115.99|115.07|115.92|113.84|1,623,264
23 Feb 2024|115.33|115.88|114.57|114.83|112.77|1,576,082
22 Feb 2024|115.00|115.00|113.31|114.45|112.40|1,691,941
21 Feb 2024|114.31|115.96|114.10|114.62|112.57|3,281,940
21 Feb 2024|2.15Dividend
20 Feb 2024|117.40|117.80|116.06|116.95|112.74|1,772,794
19 Feb 2024|115.86|117.29|115.62|117.13|112.92|1,386,827
16 Feb 2024|115.75|116.28|114.78|116.28|112.10|3,844,462
15 Feb 2024|113.50|115.17|113.26|114.16|110.05|2,315,896
14 Feb 2024|113.16|114.07|111.56|114.07|109.97|2,740,465
13 Feb 2024|117.26|117.75|116.00|116.00|111.83|1,758,908
12 Feb 2024|116.50|116.78|115.55|115.73|111.57|1,005,660
09 Feb 2024|116.27|116.75|116.01|116.24|112.06|2,086,972
08 Feb 2024|115.14|116.00|114.44|115.87|111.70|1,366,549
07 Feb 2024|114.92|115.64|114.22|114.55|110.43|1,737,069
06 Feb 2024|115.32|115.64|114.15|114.37|110.26|1,997,385
05 Feb 2024|115.02|115.48|113.97|115.48|111.33|1,142,496
02 Feb 2024|114.81|116.12|114.43|115.81|111.65|2,545,023
01 Feb 2024|116.65|116.80|114.10|114.10|110.00|2,593,915
31 Jan 2024|116.00|118.24|115.21|117.53|113.30|4,128,431
30 Jan 2024|116.12|116.94|115.77|116.05|111.88|1,982,285
29 Jan 2024|116.00|116.00|115.00|115.92|111.75|2,017,654
25 Jan 2024|115.00|115.14|114.00|114.86|110.73|1,967,920
24 Jan 2024|116.00|116.00|114.53|114.70|110.58|1,509,853
23 Jan 2024|114.90|115.98|114.71|115.66|111.50|2,197,384
22 Jan 2024|114.00|114.85|113.55|114.80|110.67|2,353,571
19 Jan 2024|113.12|113.90|112.71|113.28|109.21|4,107,588
18 Jan 2024|111.37|112.91|111.37|112.48|108.43|2,131,509
17 Jan 2024|112.82|112.99|111.71|112.33|108.29|2,189,913
16 Jan 2024|113.50|113.66|112.80|113.00|108.94|1,896,379
15 Jan 2024|113.50|113.80|113.15|113.73|109.64|207,240
12 Jan 2024|113.00|113.80|112.80|113.63|109.54|1,678,657
11 Jan 2024|112.50|113.66|112.24|113.60|109.51|1,667,803
10 Jan 2024|112.97|113.30|112.04|112.04|108.01|1,415,900
09 Jan 2024|113.28|113.30|112.64|113.02|108.96|1,510,571
08 Jan 2024|112.76|113.22|111.87|111.98|107.95|1,784,232
05 Jan 2024|112.00|113.24|111.90|112.99|108.93|1,502,441
04 Jan 2024|112.30|112.32|110.94|111.49|107.48|1,380,616
03 Jan 2024|112.60|112.98|112.02|112.13|108.10|1,207,784
02 Jan 2024|111.85|113.61|111.79|113.61|109.52|1,628,690
29 Dec 2023|112.15|112.37|111.43|111.80|107.78|2,170,375
28 Dec 2023|111.81|112.29|111.56|112.29|108.25|1,735,707
27 Dec 2023|111.12|111.85|110.76|111.19|107.19|1,017,160
22 Dec 2023|110.19|110.83|110.16|110.50|106.53|3,097,447
21 Dec 2023|110.73|110.86|110.01|110.56|106.58|2,830,850
20 Dec 2023|110.80|111.15|110.65|110.97|106.98|2,090,455
19 Dec 2023|110.35|110.89|109.65|110.60|106.62|1,966,065
18 Dec 2023|109.50|110.13|109.14|110.00|106.04|1,300,270
15 Dec 2023|110.00|110.50|109.52|110.07|106.11|7,159,356
14 Dec 2023|108.92|109.52|108.63|109.52|105.58|2,593,767
13 Dec 2023|107.80|108.39|107.61|108.15|104.26|1,727,766
12 Dec 2023|106.73|107.64|106.65|107.41|103.55|1,406,122
11 Dec 2023|106.67|107.46|106.64|106.94|103.09|1,395,078
08 Dec 2023|105.77|106.44|105.22|106.44|102.61|1,434,178
07 Dec 2023|105.98|106.54|105.70|106.27|102.45|1,747,083
06 Dec 2023|105.49|106.72|105.24|106.34|102.52|3,135,300
05 Dec 2023|104.99|104.99|104.41|104.71|100.94|1,417,376
04 Dec 2023|104.95|105.58|104.59|105.12|101.34|2,121,950
01 Dec 2023|104.65|104.66|103.75|104.19|100.44|1,781,950
30 Nov 2023|103.55|104.66|103.25|104.66|100.90|5,016,298
29 Nov 2023|103.79|104.05|103.20|103.33|99.61|1,277,217
28 Nov 2023|102.50|103.86|102.35|103.34|99.62|1,397,249
27 Nov 2023|104.02|104.02|102.61|102.61|98.92|1,288,697
24 Nov 2023|103.10|104.05|103.00|103.69|99.96|1,275,404
23 Nov 2023|103.54|103.79|102.82|102.96|99.26|2,421,800
22 Nov 2023|103.40|104.31|103.38|103.80|100.07|1,292,108
21 Nov 2023|103.52|103.86|103.25|103.70|99.97|1,970,123
20 Nov 2023|102.80|103.32|102.70|103.17|99.46|1,627,761
17 Nov 2023|102.38|102.69|101.87|102.47|98.78|2,729,262
16 Nov 2023|102.80|102.88|101.85|102.29|98.61|1,993,737
15 Nov 2023|103.30|103.64|101.92|102.15|98.48|3,169,156
14 Nov 2023|102.35|102.64|101.62|102.28|98.60|2,049,690
13 Nov 2023|101.23|101.84|100.87|101.31|97.67|1,472,779
10 Nov 2023|101.75|101.88|101.01|101.32|97.68|1,407,582
09 Nov 2023|101.30|103.00|101.10|102.11|98.44|3,152,761
08 Nov 2023|100.58|101.06|100.21|100.69|97.07|1,432,581
07 Nov 2023|100.63|100.64|99.49|100.01|96.41|1,806,507
06 Nov 2023|99.84|101.26|99.75|100.42|96.81|2,282,526
03 Nov 2023|99.60|99.99|99.20|99.93|96.34|2,507,791
02 Nov 2023|98.27|99.01|98.06|98.43|94.89|2,307,420
01 Nov 2023|96.90|96.97|96.30|96.87|93.39|2,162,550
31 Oct 2023|97.09|97.21|96.25|96.56|93.09|2,533,920
30 Oct 2023|96.72|96.79|96.15|96.22|92.76|2,033,713
27 Oct 2023|97.55|98.28|97.55|97.80|94.28|2,273,929
26 Oct 2023|96.99|97.25|96.40|97.00|93.51|2,289,128
25 Oct 2023|98.20|98.55|97.12|97.35|93.85|1,662,864
24 Oct 2023|98.38|98.64|98.02|98.07|94.54|1,686,722
23 Oct 2023|98.30|98.60|97.63|97.82|94.30|1,348,775
20 Oct 2023|99.09|99.78|98.32|98.75|95.20|2,641,664
19 Oct 2023|100.09|100.58|99.33|99.78|96.19|2,642,789
18 Oct 2023|101.18|101.74|101.00|101.42|97.77|1,652,838
17 Oct 2023|101.35|101.51|100.92|101.20|97.56|1,210,306
16 Oct 2023|100.50|100.83|100.25|100.67|97.05|1,448,174
13 Oct 2023|100.60|101.23|100.51|100.97|97.34|1,473,078
12 Oct 2023|101.17|102.22|100.61|101.60|97.95|2,162,969
11 Oct 2023|100.89|101.00|100.32|100.64|97.02|1,577,672
10 Oct 2023|100.99|101.19|100.29|100.70|97.08|2,252,750
09 Oct 2023|99.97|100.56|99.70|100.03|96.43|1,108,229
06 Oct 2023|99.05|100.65|98.90|100.04|96.44|2,408,410
05 Oct 2023|98.30|99.38|98.20|98.98|95.42|1,726,498
04 Oct 2023|99.00|99.14|97.60|98.09|94.56|2,543,630
03 Oct 2023|98.66|99.85|98.50|99.69|96.10|2,702,099
02 Oct 2023|99.36|99.97|98.91|99.85|96.26|1,131,578
29 Sept 2023|99.98|100.08|99.56|99.97|96.37|2,444,569
28 Sept 2023|100.49|100.74|99.56|99.95|96.36|1,422,062
27 Sept 2023|100.00|100.58|99.86|100.53|96.91|1,346,621
26 Sept 2023|99.70|100.37|99.26|100.08|96.48|1,292,290
25 Sept 2023|100.00|100.00|99.02|99.88|96.29|1,014,251
22 Sept 2023|98.50|100.06|98.10|100.06|96.46|3,396,755
21 Sept 2023|101.67|101.88|99.75|100.08|96.48|2,447,271
20 Sept 2023|102.27|102.49|101.44|101.84|98.18|2,498,953
*Close price adjusted for splits.**Close price adjusted for splits and dividend and/or capital gain distributions.
