Date|Open|High|Low|Close*|Adj. close**|Volume
20 Sept 2024|144.50|144.83|143.60|143.69|143.69|3,149,981
19 Sept 2024|144.50|145.00|143.18|144.02|144.02|3,443,075
18 Sept 2024|142.65|143.75|142.36|143.32|143.32|1,505,418
17 Sept 2024|144.00|144.00|143.03|143.04|143.04|1,556,054
16 Sept 2024|142.05|143.12|141.85|142.99|142.99|1,751,879
13 Sept 2024|143.40|143.58|140.94|141.65|141.65|1,991,893
12 Sept 2024|141.96|143.07|141.66|142.96|142.96|1,811,911
11 Sept 2024|143.40|143.49|140.79|141.05|141.05|2,649,391
10 Sept 2024|144.06|145.24|143.19|143.77|143.77|2,029,126
09 Sept 2024|140.87|143.00|140.50|142.95|142.95|1,988,596
06 Sept 2024|141.78|144.25|141.40|143.47|143.47|2,666,532
05 Sept 2024|140.63|141.85|140.34|141.35|141.35|1,585,378
04 Sept 2024|141.50|141.57|139.04|139.94|139.94|2,211,376
03 Sept 2024|141.64|143.38|141.45|143.38|143.38|1,892,624
02 Sept 2024|139.35|141.87|138.67|141.77|141.77|1,751,323
30 Aug 2024|139.45|139.88|139.00|139.50|139.50|4,322,628
29 Aug 2024|138.35|139.33|138.03|138.80|138.80|2,115,830
28 Aug 2024|136.95|138.57|136.20|138.57|138.57|2,608,279
27 Aug 2024|138.34|138.49|136.80|137.43|137.43|2,163,558
26 Aug 2024|137.51|139.29|137.18|138.81|138.81|1,888,745
23 Aug 2024|136.40|136.80|135.85|136.80|136.80|1,738,992
22 Aug 2024|136.95|136.99|135.98|136.46|136.46|1,565,951
21 Aug 2024|138.22|138.37|135.65|136.03|136.03|3,533,301
21 Aug 2024|2.5Dividend
20 Aug 2024|140.25|141.34|139.02|139.60|137.10|1,651,316
19 Aug 2024|137.72|139.25|137.37|139.25|136.76|1,937,287
16 Aug 2024|137.04|138.13|136.54|138.13|135.66|4,427,410
15 Aug 2024|134.00|136.09|133.94|134.90|132.48|2,248,327
14 Aug 2024|134.50|134.59|132.71|134.21|131.81|1,734,568
13 Aug 2024|130.43|132.52|130.23|132.52|130.15|1,465,262
12 Aug 2024|130.70|131.04|130.15|130.53|128.19|886,756
09 Aug 2024|130.00|130.23|128.88|129.55|127.23|1,941,651
08 Aug 2024|127.35|129.11|126.96|129.11|126.80|1,663,083
07 Aug 2024|126.88|128.21|126.73|127.34|125.06|1,843,515
06 Aug 2024|125.50|128.42|125.50|127.69|125.40|2,570,052
05 Aug 2024|130.60|130.78|124.89|124.89|122.65|3,591,234
02 Aug 2024|133.50|134.25|131.66|132.46|130.09|3,839,143
01 Aug 2024|138.21|138.24|136.27|136.27|133.83|1,586,163
31 July 2024|136.34|137.53|135.60|137.49|135.03|2,235,562
30 July 2024|133.51|135.95|133.29|135.95|133.52|1,937,077
29 July 2024|133.83|134.90|133.80|134.90|132.48|1,391,737
26 July 2024|133.36|133.46|132.53|133.14|130.76|1,901,929
25 July 2024|131.35|132.60|131.20|132.60|130.23|1,796,200
24 July 2024|132.60|133.10|132.27|132.78|130.40|1,130,255
23 July 2024|132.59|133.31|132.10|133.14|130.76|1,351,942
22 July 2024|130.51|131.68|130.18|131.68|129.32|1,192,662
19 July 2024|130.86|131.63|130.40|131.63|129.27|4,022,762
18 July 2024|133.24|134.00|131.91|132.66|130.28|2,061,262
17 July 2024|132.50|134.25|132.00|133.50|131.11|1,919,380
16 July 2024|132.43|133.08|132.02|132.44|130.07|1,732,649
15 July 2024|132.75|133.30|131.90|132.69|130.31|1,364,623
12 July 2024|130.80|131.84|129.89|131.66|129.30|1,965,561
11 July 2024|130.17|130.30|129.30|129.92|127.59|1,598,054
10 July 2024|128.00|128.54|127.26|128.54|126.24|1,246,766
09 July 2024|127.50|128.97|126.98|128.69|126.39|1,781,761
08 July 2024|126.90|127.17|126.09|126.47|124.21|1,027,669
05 July 2024|127.58|127.85|126.65|127.10|124.82|1,084,617
04 July 2024|126.51|127.86|126.19|127.86|125.57|1,394,064
03 July 2024|126.23|126.44|124.80|125.38|123.13|1,441,307
02 July 2024|125.80|126.20|125.40|125.66|123.41|1,457,744
01 July 2024|126.44|126.53|125.43|126.20|123.94|1,585,105
28 June 2024|127.00|127.61|126.27|127.38|125.10|2,190,551
27 June 2024|125.00|126.20|124.35|126.20|123.94|2,021,794
26 June 2024|127.64|128.09|126.64|126.90|124.63|1,900,389
25 June 2024|128.11|128.68|127.51|128.63|126.33|2,092,832
24 June 2024|127.60|127.99|126.80|126.80|124.53|1,767,854
21 June 2024|128.00|128.25|125.90|127.68|125.39|7,145,883
20 June 2024|126.65|127.84|126.53|127.75|125.46|3,548,847
19 June 2024|127.79|127.88|126.77|126.94|124.67|2,012,104
18 June 2024|126.58|127.99|126.20|127.98|125.69|2,236,320
17 June 2024|124.99|125.60|124.76|125.49|123.24|1,531,082
14 June 2024|125.36|125.60|124.85|125.31|123.07|1,597,350
13 June 2024|125.33|125.69|124.90|125.48|123.23|2,582,193
12 June 2024|124.35|124.60|123.40|124.10|121.88|1,809,137
11 June 2024|124.05|125.03|123.72|124.93|122.69|2,514,626
07 June 2024|125.00|125.55|124.08|125.55|123.30|1,414,714
06 June 2024|124.50|125.97|124.21|124.85|122.61|2,636,419
05 June 2024|123.17|123.95|122.82|123.47|121.26|2,389,848
04 June 2024|121.15|122.49|121.05|122.46|120.27|2,230,997
03 June 2024|120.34|121.29|120.22|121.29|119.12|1,686,338
31 May 2024|118.80|119.54|118.53|119.54|117.40|3,397,759
30 May 2024|117.10|118.42|116.64|117.99|115.88|1,327,847
29 May 2024|119.38|119.49|117.89|118.34|116.22|1,768,394
28 May 2024|120.09|120.33|119.51|120.31|118.16|1,699,877
27 May 2024|119.73|120.33|119.73|120.10|117.95|1,111,552
24 May 2024|119.02|119.50|118.08|118.87|116.74|1,902,826
23 May 2024|120.72|121.00|120.23|120.73|118.57|1,535,204
22 May 2024|122.07|122.35|121.30|121.50|119.32|1,428,336
21 May 2024|121.69|121.79|120.92|121.79|119.61|1,554,701
20 May 2024|121.00|121.86|120.95|121.77|119.59|1,224,873
17 May 2024|121.50|121.79|120.34|121.04|118.87|3,747,916
16 May 2024|121.00|122.55|120.20|122.26|120.07|3,208,604
15 May 2024|119.50|120.07|119.28|119.93|117.78|1,820,801
14 May 2024|118.70|119.33|118.54|119.33|117.19|1,472,592
13 May 2024|117.54|119.12|117.06|119.12|116.99|1,751,999
10 May 2024|117.71|118.35|117.25|117.54|115.44|1,483,110
09 May 2024|119.70|119.70|117.09|117.09|114.99|1,837,558
08 May 2024|119.50|119.90|118.46|119.74|117.60|2,104,415
07 May 2024|117.57|119.00|116.89|119.00|116.87|2,692,665
06 May 2024|116.01|116.59|115.78|116.59|114.50|1,426,516
03 May 2024|115.76|115.76|114.74|115.23|113.17|1,212,181
02 May 2024|114.69|115.84|114.02|115.00|112.94|1,545,052
01 May 2024|113.60|114.11|113.00|113.92|111.88|1,092,138
30 Apr 2024|113.65|114.54|113.42|114.54|112.49|1,315,376
29 Apr 2024|114.00|114.20|113.66|113.84|111.80|1,374,832
26 Apr 2024|114.45|114.56|112.77|112.99|110.97|1,672,386
24 Apr 2024|115.50|115.85|115.00|115.00|112.94|1,600,191
23 Apr 2024|114.00|114.58|113.70|114.58|112.53|1,197,831
22 Apr 2024|113.09|113.68|112.39|112.88|110.86|1,916,178
19 Apr 2024|111.65|112.51|109.94|111.86|109.86|3,479,032
18 Apr 2024|111.73|113.16|111.73|112.73|110.71|1,583,905
17 Apr 2024|112.16|112.80|111.94|111.94|109.94|1,405,392
16 Apr 2024|113.58|113.74|111.63|112.20|110.19|3,022,718
15 Apr 2024|115.20|115.30|114.29|114.64|112.59|2,434,316
12 Apr 2024|116.37|116.69|116.01|116.24|114.16|1,381,123
11 Apr 2024|116.34|116.99|116.10|116.81|114.72|1,787,099
10 Apr 2024|119.15|119.21|117.98|118.21|116.09|1,720,573
09 Apr 2024|118.72|119.15|118.48|119.15|117.02|949,230
08 Apr 2024|118.78|119.02|117.70|118.19|116.07|1,168,997
05 Apr 2024|117.07|118.17|116.63|118.04|115.93|1,387,617
04 Apr 2024|118.60|119.07|117.97|118.35|116.23|1,282,364
03 Apr 2024|119.63|119.93|117.64|117.81|115.70|2,016,061
02 Apr 2024|119.40|120.60|119.30|120.07|117.92|2,314,881
28 Mar 2024|120.56|120.56|119.40|120.34|118.18|2,679,602
27 Mar 2024|118.77|120.19|118.51|120.00|117.85|2,340,622
26 Mar 2024|118.90|119.49|118.57|118.60|116.48|1,676,353
25 Mar 2024|118.25|118.99|117.49|118.79|116.66|1,974,708
22 Mar 2024|118.30|118.35|116.56|117.48|115.38|3,825,604
21 Mar 2024|117.10|118.05|116.54|118.00|115.89|3,579,903
20 Mar 2024|116.30|116.87|115.65|115.65|113.58|2,011,037
19 Mar 2024|116.43|116.44|115.33|115.78|113.71|1,817,662
18 Mar 2024|115.40|116.56|115.27|116.46|114.37|1,471,598
15 Mar 2024|115.00|115.54|114.00|115.54|113.47|5,370,902
14 Mar 2024|117.54|117.56|115.34|116.22|114.14|1,972,503
13 Mar 2024|118.01|118.22|116.82|117.55|115.44|1,749,751
12 Mar 2024|119.02|120.08|117.51|117.74|115.63|1,912,342
11 Mar 2024|119.99|120.23|117.93|118.13|116.01|1,620,096
08 Mar 2024|119.54|121.54|119.02|121.45|119.28|3,693,739
07 Mar 2024|118.50|119.37|118.39|119.25|117.11|2,404,787
06 Mar 2024|117.00|118.41|116.68|118.31|116.19|1,499,396
05 Mar 2024|118.60|118.70|116.77|116.94|114.85|1,985,735
04 Mar 2024|117.55|118.55|117.36|118.12|116.00|1,657,258
01 Mar 2024|116.75|117.36|116.20|117.36|115.26|1,547,236
29 Feb 2024|116.18|116.76|115.23|116.41|114.33|4,036,090
28 Feb 2024|117.25|117.30|115.67|115.96|113.88|1,605,950
27 Feb 2024|116.20|117.12|115.54|117.12|115.02|2,199,043
26 Feb 2024|115.32|115.99|115.07|115.92|113.84|1,623,264
23 Feb 2024|115.33|115.88|114.57|114.83|112.77|1,576,082
22 Feb 2024|115.00|115.00|113.31|114.45|112.40|1,691,941
21 Feb 2024|114.31|115.96|114.10|114.62|112.57|3,281,940
21 Feb 2024|2.15Dividend
20 Feb 2024|117.40|117.80|116.06|116.95|112.74|1,772,794
19 Feb 2024|115.86|117.29|115.62|117.13|112.92|1,386,827
16 Feb 2024|115.75|116.28|114.78|116.28|112.10|3,844,462
15 Feb 2024|113.50|115.17|113.26|114.16|110.05|2,315,896
14 Feb 2024|113.16|114.07|111.56|114.07|109.97|2,740,465
13 Feb 2024|117.26|117.75|116.00|116.00|111.83|1,758,908
12 Feb 2024|116.50|116.78|115.55|115.73|111.57|1,005,660
09 Feb 2024|116.27|116.75|116.01|116.24|112.06|2,086,972
08 Feb 2024|115.14|116.00|114.44|115.87|111.70|1,366,549
07 Feb 2024|114.92|115.64|114.22|114.55|110.43|1,737,069
06 Feb 2024|115.32|115.64|114.15|114.37|110.26|1,997,385
05 Feb 2024|115.02|115.48|113.97|115.48|111.33|1,142,496
02 Feb 2024|114.81|116.12|114.43|115.81|111.65|2,545,023
01 Feb 2024|116.65|116.80|114.10|114.10|110.00|2,593,915
31 Jan 2024|116.00|118.24|115.21|117.53|113.30|4,128,431
30 Jan 2024|116.12|116.94|115.77|116.05|111.88|1,982,285
29 Jan 2024|116.00|116.00|115.00|115.92|111.75|2,017,654
25 Jan 2024|115.00|115.14|114.00|114.86|110.73|1,967,920
24 Jan 2024|116.00|116.00|114.53|114.70|110.58|1,509,853
23 Jan 2024|114.90|115.98|114.71|115.66|111.50|2,197,384
22 Jan 2024|114.00|114.85|113.55|114.80|110.67|2,353,571
19 Jan 2024|113.12|113.90|112.71|113.28|109.21|4,107,588
18 Jan 2024|111.37|112.91|111.37|112.48|108.43|2,131,509
17 Jan 2024|112.82|112.99|111.71|112.33|108.29|2,189,913
16 Jan 2024|113.50|113.66|112.80|113.00|108.94|1,896,379
15 Jan 2024|113.50|113.80|113.15|113.73|109.64|207,240
12 Jan 2024|113.00|113.80|112.80|113.63|109.54|1,678,657
11 Jan 2024|112.50|113.66|112.24|113.60|109.51|1,667,803
10 Jan 2024|112.97|113.30|112.04|112.04|108.01|1,415,900
09 Jan 2024|113.28|113.30|112.64|113.02|108.96|1,510,571
08 Jan 2024|112.76|113.22|111.87|111.98|107.95|1,784,232
05 Jan 2024|112.00|113.24|111.90|112.99|108.93|1,502,441
04 Jan 2024|112.30|112.32|110.94|111.49|107.48|1,380,616
03 Jan 2024|112.60|112.98|112.02|112.13|108.10|1,207,784
02 Jan 2024|111.85|113.61|111.79|113.61|109.52|1,628,690
29 Dec 2023|112.15|112.37|111.43|111.80|107.78|2,170,375
28 Dec 2023|111.81|112.29|111.56|112.29|108.25|1,735,707
27 Dec 2023|111.12|111.85|110.76|111.19|107.19|1,017,160
22 Dec 2023|110.19|110.83|110.16|110.50|106.53|3,097,447
21 Dec 2023|110.73|110.86|110.01|110.56|106.58|2,830,850
20 Dec 2023|110.80|111.15|110.65|110.97|106.98|2,090,455
19 Dec 2023|110.35|110.89|109.65|110.60|106.62|1,966,065
18 Dec 2023|109.50|110.13|109.14|110.00|106.04|1,300,270
15 Dec 2023|110.00|110.50|109.52|110.07|106.11|7,159,356
14 Dec 2023|108.92|109.52|108.63|109.52|105.58|2,593,767
13 Dec 2023|107.80|108.39|107.61|108.15|104.26|1,727,766
12 Dec 2023|106.73|107.64|106.65|107.41|103.55|1,406,122
11 Dec 2023|106.67|107.46|106.64|106.94|103.09|1,395,078
08 Dec 2023|105.77|106.44|105.22|106.44|102.61|1,434,178
07 Dec 2023|105.98|106.54|105.70|106.27|102.45|1,747,083
06 Dec 2023|105.49|106.72|105.24|106.34|102.52|3,135,300
05 Dec 2023|104.99|104.99|104.41|104.71|100.94|1,417,376
04 Dec 2023|104.95|105.58|104.59|105.12|101.34|2,121,950
01 Dec 2023|104.65|104.66|103.75|104.19|100.44|1,781,950
30 Nov 2023|103.55|104.66|103.25|104.66|100.90|5,016,298
29 Nov 2023|103.79|104.05|103.20|103.33|99.61|1,277,217
28 Nov 2023|102.50|103.86|102.35|103.34|99.62|1,397,249
27 Nov 2023|104.02|104.02|102.61|102.61|98.92|1,288,697
24 Nov 2023|103.10|104.05|103.00|103.69|99.96|1,275,404
23 Nov 2023|103.54|103.79|102.82|102.96|99.26|2,421,800
22 Nov 2023|103.40|104.31|103.38|103.80|100.07|1,292,108
21 Nov 2023|103.52|103.86|103.25|103.70|99.97|1,970,123
20 Nov 2023|102.80|103.32|102.70|103.17|99.46|1,627,761
17 Nov 2023|102.38|102.69|101.87|102.47|98.78|2,729,262
16 Nov 2023|102.80|102.88|101.85|102.29|98.61|1,993,737
15 Nov 2023|103.30|103.64|101.92|102.15|98.48|3,169,156
14 Nov 2023|102.35|102.64|101.62|102.28|98.60|2,049,690
13 Nov 2023|101.23|101.84|100.87|101.31|97.67|1,472,779
10 Nov 2023|101.75|101.88|101.01|101.32|97.68|1,407,582
09 Nov 2023|101.30|103.00|101.10|102.11|98.44|3,152,761
08 Nov 2023|100.58|101.06|100.21|100.69|97.07|1,432,581
07 Nov 2023|100.63|100.64|99.49|100.01|96.41|1,806,507
06 Nov 2023|99.84|101.26|99.75|100.42|96.81|2,282,526
03 Nov 2023|99.60|99.99|99.20|99.93|96.34|2,507,791
02 Nov 2023|98.27|99.01|98.06|98.43|94.89|2,307,420
01 Nov 2023|96.90|96.97|96.30|96.87|93.39|2,162,550
31 Oct 2023|97.09|97.21|96.25|96.56|93.09|2,533,920
30 Oct 2023|96.72|96.79|96.15|96.22|92.76|2,033,713
27 Oct 2023|97.55|98.28|97.55|97.80|94.28|2,273,929
26 Oct 2023|96.99|97.25|96.40|97.00|93.51|2,289,128
25 Oct 2023|98.20|98.55|97.12|97.35|93.85|1,662,864
24 Oct 2023|98.38|98.64|98.02|98.07|94.54|1,686,722
23 Oct 2023|98.30|98.60|97.63|97.82|94.30|1,348,775
20 Oct 2023|99.09|99.78|98.32|98.75|95.20|2,641,664
19 Oct 2023|100.09|100.58|99.33|99.78|96.19|2,642,789
18 Oct 2023|101.18|101.74|101.00|101.42|97.77|1,652,838
17 Oct 2023|101.35|101.51|100.92|101.20|97.56|1,210,306
16 Oct 2023|100.50|100.83|100.25|100.67|97.05|1,448,174
13 Oct 2023|100.60|101.23|100.51|100.97|97.34|1,473,078
12 Oct 2023|101.17|102.22|100.61|101.60|97.95|2,162,969
11 Oct 2023|100.89|101.00|100.32|100.64|97.02|1,577,672
10 Oct 2023|100.99|101.19|100.29|100.70|97.08|2,252,750
09 Oct 2023|99.97|100.56|99.70|100.03|96.43|1,108,229
06 Oct 2023|99.05|100.65|98.90|100.04|96.44|2,408,410
05 Oct 2023|98.30|99.38|98.20|98.98|95.42|1,726,498
04 Oct 2023|99.00|99.14|97.60|98.09|94.56|2,543,630
03 Oct 2023|98.66|99.85|98.50|99.69|96.10|2,702,099
02 Oct 2023|99.36|99.97|98.91|99.85|96.26|1,131,578
29 Sept 2023|99.98|100.08|99.56|99.97|96.37|2,444,569
28 Sept 2023|100.49|100.74|99.56|99.95|96.36|1,422,062
27 Sept 2023|100.00|100.58|99.86|100.53|96.91|1,346,621
26 Sept 2023|99.70|100.37|99.26|100.08|96.48|1,292,290
25 Sept 2023|100.00|100.00|99.02|99.88|96.29|1,014,251
22 Sept 2023|98.50|100.06|98.10|100.06|96.46|3,396,755
21 Sept 2023|101.67|101.88|99.75|100.08|96.48|2,447,271
20 Sept 2023|102.27|102.49|101.44|101.84|98.18|2,498,953
19 Sept 2023|102.32|102.39|101.44|102.13|98.46|1,806,193
18 Sept 2023|102.60|102.80|101.93|102.63|98.94|886,664
15 Sept 2023|103.00|103.57|102.68|103.16|99.45|4,199,986
14 Sept 2023|101.17|102.46|101.15|102.13|98.46|2,242,700
13 Sept 2023|102.15|102.15|101.01|101.70|98.04|1,281,734
12 Sept 2023|102.40|102.59|101.12|102.11|98.44|1,303,827
11 Sept 2023|100.80|102.18|100.55|102.04|98.37|1,707,461
08 Sept 2023|101.23|101.47|100.15|100.81|97.18|1,271,405
07 Sept 2023|101.00|101.38|100.31|100.90|97.27|1,721,897
06 Sept 2023|102.75|103.18|101.29|101.51|97.86|2,000,414
05 Sept 2023|102.10|102.29|101.75|102.22|98.54|1,274,211
04 Sept 2023|101.69|102.27|101.57|102.01|98.34|1,425,483
01 Sept 2023|101.70|102.00|101.20|101.35|97.71|1,596,631
31 Aug 2023|101.83|102.45|101.61|102.18|98.51|3,576,801
30 Aug 2023|101.63|102.46|101.50|101.84|98.18|1,810,483
29 Aug 2023|101.39|101.45|100.48|101.03|97.40|1,519,428
28 Aug 2023|99.80|100.81|99.74|100.78|97.16|1,652,565
25 Aug 2023|100.24|100.27|99.37|99.57|95.99|2,301,999
24 Aug 2023|100.10|100.84|99.60|100.61|96.99|2,630,712
23 Aug 2023|98.20|99.84|98.00|99.45|95.87|3,375,196
22 Aug 2023|98.09|98.67|97.69|98.67|95.12|3,070,402
21 Aug 2023|98.92|99.58|98.32|98.45|94.91|2,651,338
18 Aug 2023|99.21|99.46|98.55|99.05|95.49|2,430,138
17 Aug 2023|99.90|99.90|98.67|99.65|96.07|3,049,916
16 Aug 2023|100.02|100.48|99.48|99.79|96.20|4,423,573
16 Aug 2023|2.4Dividend
15 Aug 2023|104.00|104.19|103.35|103.51|97.47|1,631,886
14 Aug 2023|103.63|104.13|103.41|103.70|97.65|2,624,230
11 Aug 2023|104.31|105.00|104.02|104.40|98.31|1,734,661
10 Aug 2023|103.82|104.69|103.12|104.47|98.38|2,461,857
09 Aug 2023|104.81|105.22|103.55|104.85|98.74|2,635,786
08 Aug 2023|102.40|102.58|101.93|102.21|96.25|3,241,229
07 Aug 2023|102.09|102.22|101.49|101.85|95.91|2,771,020
04 Aug 2023|102.70|103.15|101.70|101.87|95.93|2,687,798
03 Aug 2023|102.96|103.34|102.06|102.46|96.49|2,890,772
02 Aug 2023|105.23|105.35|103.09|103.46|97.43|2,074,443
01 Aug 2023|105.22|106.20|104.84|105.85|99.68|1,440,788
31 July 2023|105.76|105.98|104.93|105.71|99.55|1,265,049
28 July 2023|105.51|106.09|104.82|105.50|99.35|1,880,770
27 July 2023|105.40|107.09|105.30|106.53|100.32|2,544,987
26 July 2023|103.93|105.77|103.67|105.00|98.88|1,631,244
25 July 2023|104.40|104.40|103.51|104.20|98.12|1,520,910
24 July 2023|105.30|105.30|104.33|104.43|98.34|1,554,919
21 July 2023|104.85|105.07|104.17|104.55|98.45|3,354,092
20 July 2023|105.50|106.23|104.70|105.25|99.11|3,465,003
19 July 2023|103.84|104.65|103.24|104.65|98.55|3,567,951
18 July 2023|102.30|103.10|102.11|102.57|96.59|2,084,918
17 July 2023|101.45|101.91|101.20|101.87|95.93|1,608,226
14 July 2023|100.88|101.59|100.59|101.33|95.42|2,083,622
13 July 2023|100.14|100.86|99.71|100.62|94.75|3,171,603
12 July 2023|100.01|100.15|99.15|99.15|93.37|1,765,254
11 July 2023|98.97|99.62|98.73|99.62|93.81|1,793,004
10 July 2023|99.14|99.47|98.32|98.52|92.77|1,152,141
07 July 2023|99.23|99.42|98.41|98.73|92.97|2,017,705
06 July 2023|101.06|101.46|100.13|100.43|94.57|2,182,248
05 July 2023|102.11|102.39|101.40|101.78|95.84|2,156,097
04 July 2023|101.05|102.40|100.42|102.28|96.32|2,188,463
03 July 2023|100.30|100.97|99.78|100.94|95.05|2,147,940
30 June 2023|100.16|100.30|99.56|100.27|94.42|2,603,014
29 June 2023|99.90|100.69|99.80|100.07|94.23|1,593,529
28 June 2023|98.70|99.94|98.63|99.54|93.74|2,391,541
27 June 2023|98.55|99.27|98.43|98.43|92.69|2,139,922
26 June 2023|98.38|98.50|97.49|97.93|92.22|2,559,460
23 June 2023|99.60|99.80|98.00|98.51|92.77|2,750,925
22 June 2023|101.51|101.59|99.97|100.08|94.24|2,313,609
21 June 2023|102.20|102.49|101.58|101.68|95.75|2,594,424
20 June 2023|100.80|101.97|100.36|101.62|95.69|2,698,905
19 June 2023|99.66|100.82|99.45|100.51|94.65|2,771,173
16 June 2023|98.30|99.35|98.06|99.35|93.56|6,702,838
15 June 2023|97.65|98.25|97.41|97.99|92.28|2,837,488
14 June 2023|97.00|97.55|96.60|97.37|91.69|2,971,378
13 June 2023|95.98|96.60|95.90|96.52|90.89|1,973,419
09 June 2023|95.74|96.12|95.60|95.80|90.21|1,579,114
08 June 2023|95.61|95.98|95.32|95.89|90.30|2,346,149
07 June 2023|96.75|97.00|95.69|95.69|90.11|2,178,339
06 June 2023|96.88|97.19|96.40|96.56|90.93|2,041,599
05 June 2023|97.56|98.01|97.22|97.50|91.81|2,085,675
02 June 2023|97.20|97.59|96.26|96.91|91.26|2,569,521
01 June 2023|96.52|97.62|96.30|96.80|91.16|2,109,961
31 May 2023|98.89|99.00|96.78|96.78|91.14|11,931,674
30 May 2023|99.20|99.70|98.73|99.18|93.40|1,617,947
29 May 2023|99.36|99.69|98.85|99.57|93.76|1,530,222
26 May 2023|97.80|98.68|97.79|98.16|92.44|1,923,403
25 May 2023|99.40|99.67|97.69|97.72|92.02|2,862,243
24 May 2023|99.20|99.98|98.84|99.93|94.10|1,818,274
23 May 2023|98.90|99.93|98.68|99.44|93.64|2,886,469
22 May 2023|99.69|99.80|98.60|98.90|93.13|1,376,062
19 May 2023|98.80|99.87|98.67|99.80|93.98|3,056,096
18 May 2023|98.37|98.42|97.76|98.00|92.29|2,118,783
17 May 2023|97.11|97.30|96.01|97.14|91.48|2,147,154
16 May 2023|98.30|98.94|97.59|97.59|91.90|2,441,266
15 May 2023|98.53|98.75|98.17|98.50|92.76|1,288,706
12 May 2023|98.85|99.18|98.36|98.96|93.19|1,916,311
11 May 2023|98.83|98.86|97.89|98.35|92.61|2,072,546
10 May 2023|96.94|97.85|96.69|97.85|92.14|2,373,018
09 May 2023|96.60|97.78|95.45|97.34|91.66|2,406,124
08 May 2023|97.00|97.54|96.31|97.12|91.46|2,193,033
05 May 2023|95.60|96.48|94.37|96.13|90.52|2,799,731
04 May 2023|95.94|97.24|94.82|95.76|90.18|2,992,222
03 May 2023|98.80|98.89|97.93|98.29|92.56|2,145,783
02 May 2023|100.79|100.95|99.61|100.10|94.26|2,179,624
01 May 2023|99.96|100.60|99.58|100.44|94.58|1,471,474
28 Apr 2023|99.58|100.24|99.17|99.36|93.57|2,869,131
27 Apr 2023|99.96|100.00|98.79|99.10|93.32|1,423,491
26 Apr 2023|100.00|100.30|99.22|99.89|94.06|2,063,264
24 Apr 2023|100.45|100.78|100.04|100.11|94.27|1,002,073
21 Apr 2023|100.50|100.61|98.70|99.80|93.98|3,084,544
20 Apr 2023|99.96|101.31|99.75|100.92|95.03|2,447,545
19 Apr 2023|99.38|99.67|99.07|99.37|93.58|982,903
18 Apr 2023|99.12|99.62|99.12|99.40|93.60|1,848,784
17 Apr 2023|100.00|100.48|99.57|99.74|93.92|2,059,296
14 Apr 2023|98.22|99.28|98.20|99.11|93.33|1,352,457
13 Apr 2023|99.24|99.49|98.20|98.22|92.49|1,668,839
12 Apr 2023|100.35|100.36|98.68|99.23|93.44|1,656,007
11 Apr 2023|99.71|100.10|99.43|99.76|93.94|1,821,000
06 Apr 2023|99.40|99.48|98.32|99.01|93.24|1,780,447
05 Apr 2023|98.69|99.59|98.67|99.06|93.28|1,535,460
04 Apr 2023|99.75|99.86|98.50|98.98|93.21|1,577,845
03 Apr 2023|98.59|100.00|98.55|99.27|93.48|2,174,951
31 Mar 2023|98.35|98.78|97.91|98.32|92.59|2,549,472
30 Mar 2023|97.56|97.95|97.01|97.75|92.05|2,611,402
29 Mar 2023|95.31|96.34|94.85|96.34|90.72|2,120,814
28 Mar 2023|95.60|96.58|95.50|96.06|90.46|1,915,223
27 Mar 2023|96.42|96.50|95.04|95.07|89.53|2,040,884
24 Mar 2023|96.04|96.79|95.35|95.84|90.25|2,765,386
23 Mar 2023|96.77|97.40|96.45|97.03|91.37|1,900,925
22 Mar 2023|97.90|98.76|97.14|97.14|91.48|2,889,674
21 Mar 2023|96.90|97.52|96.25|96.52|90.89|2,225,019
20 Mar 2023|95.20|97.13|95.06|96.08|90.48|2,079,792
17 Mar 2023|96.23|96.63|95.34|96.45|90.83|6,451,777
16 Mar 2023|94.00|96.15|93.35|95.30|89.74|6,488,332
15 Mar 2023|96.20|96.97|94.64|95.40|89.84|3,162,252
14 Mar 2023|93.14|95.28|93.05|95.28|89.72|4,703,866
13 Mar 2023|96.00|96.65|94.88|95.12|89.57|2,531,902
10 Mar 2023|96.81|97.11|95.23|95.51|89.94|3,399,512
09 Mar 2023|98.81|99.25|98.42|98.72|92.96|2,100,981
08 Mar 2023|98.35|98.94|97.83|98.41|92.67|1,862,278
07 Mar 2023|98.85|99.25|98.15|98.90|93.13|2,461,272
06 Mar 2023|98.19|99.23|98.10|98.60|92.85|1,734,529
03 Mar 2023|97.30|98.11|97.19|97.75|92.05|2,835,253
02 Mar 2023|99.26|99.60|97.07|97.07|91.41|3,973,674
01 Mar 2023|99.95|100.37|99.05|99.05|93.27|2,589,393
28 Feb 2023|101.22|101.71|100.46|100.69|94.82|4,181,654
27 Feb 2023|101.10|101.75|100.73|101.39|95.48|1,875,413
24 Feb 2023|99.79|101.29|99.71|101.22|95.32|2,873,586
23 Feb 2023|99.46|100.58|99.46|99.90|94.07|2,366,921
22 Feb 2023|98.70|100.15|98.46|99.20|93.42|3,345,735
22 Feb 2023|2.1Dividend
21 Feb 2023|102.03|102.21|101.20|101.52|93.62|1,842,679
20 Feb 2023|101.00|102.39|100.98|102.23|94.28|1,597,651
17 Feb 2023|101.20|102.57|100.65|100.97|93.12|4,030,572
16 Feb 2023|102.36|103.31|101.37|101.50|93.60|4,756,659
15 Feb 2023|104.11|106.15|102.08|103.00|94.99|7,122,390
14 Feb 2023|110.31|110.40|109.09|109.25|100.75|1,712,454
13 Feb 2023|109.86|109.90|109.03|109.30|100.80|1,552,187
10 Feb 2023|109.85|110.19|109.56|109.95|101.40|1,516,258
09 Feb 2023|110.21|110.60|109.59|110.21|101.64|1,378,411
08 Feb 2023|110.40|110.69|110.15|110.32|101.74|1,486,405
07 Feb 2023|110.86|111.04|109.95|110.30|101.72|1,606,239
06 Feb 2023|111.20|111.38|110.39|110.75|102.13|1,325,884
03 Feb 2023|109.90|111.43|109.80|111.15|102.50|2,487,251
02 Feb 2023|110.55|110.55|109.73|109.73|101.19|2,267,124
01 Feb 2023|110.49|110.81|109.60|110.15|101.58|2,037,070
31 Jan 2023|109.86|110.45|109.62|110.06|101.50|1,745,314
30 Jan 2023|109.70|110.10|109.58|109.76|101.22|1,465,480
27 Jan 2023|109.50|109.95|108.95|109.85|101.30|2,186,238
25 Jan 2023|108.01|109.20|107.79|108.83|100.36|1,620,732
24 Jan 2023|108.40|108.54|107.35|108.05|99.64|1,494,747
23 Jan 2023|109.00|109.11|108.40|108.61|100.16|2,377,559
20 Jan 2023|108.70|109.15|108.38|108.66|100.21|3,741,095
19 Jan 2023|108.23|108.83|107.23|108.74|100.28|2,196,287
18 Jan 2023|107.56|108.00|106.87|107.65|99.28|1,756,089
17 Jan 2023|107.30|107.95|107.08|107.44|99.08|2,328,626
16 Jan 2023|106.69|107.59|106.33|107.35|99.00|1,250,653
13 Jan 2023|105.65|107.06|105.59|106.50|98.21|1,929,496
12 Jan 2023|104.30|105.35|103.79|105.18|97.00|2,087,584
11 Jan 2023|103.70|103.88|103.00|103.53|95.48|1,092,327
10 Jan 2023|102.81|104.05|102.60|103.32|95.28|1,075,679
09 Jan 2023|103.88|104.29|103.27|103.32|95.28|1,048,736
06 Jan 2023|102.88|103.57|102.52|103.18|95.15|2,450,188
05 Jan 2023|103.56|104.70|103.21|103.32|95.28|1,693,577
04 Jan 2023|101.50|103.29|101.06|103.14|95.12|2,276,220
03 Jan 2023|103.73|103.90|100.21|101.05|93.19|1,709,983
30 Dec 2022|102.55|103.15|102.55|102.60|94.62|1,537,609
29 Dec 2022|103.14|103.32|101.85|102.08|94.14|1,718,922
28 Dec 2022|104.42|104.55|102.76|103.10|95.08|1,666,602
23 Dec 2022|104.70|104.96|104.21|104.82|96.67|1,367,754
22 Dec 2022|105.35|106.11|105.32|105.62|97.40|1,462,993
21 Dec 2022|106.01|106.28|104.73|104.73|96.58|2,285,186
20 Dec 2022|105.81|106.11|104.93|105.33|97.14|1,662,006
19 Dec 2022|105.00|105.76|104.75|105.63|97.41|1,136,661
16 Dec 2022|106.06|106.29|105.16|105.98|97.74|5,159,674
15 Dec 2022|106.70|107.69|106.22|106.80|98.49|2,244,376
14 Dec 2022|106.62|107.06|105.84|106.92|98.60|1,959,240
13 Dec 2022|106.33|107.20|105.90|106.44|98.16|2,662,642
12 Dec 2022|105.00|105.48|104.61|105.39|97.19|1,353,473
09 Dec 2022|105.30|105.68|104.53|104.98|96.81|2,054,672
08 Dec 2022|105.94|105.99|104.90|105.35|97.15|1,828,854
07 Dec 2022|105.55|106.34|104.57|105.55|97.34|2,903,191
06 Dec 2022|106.53|107.75|106.32|106.44|98.16|2,016,506
05 Dec 2022|107.33|107.71|106.90|106.94|98.62|1,433,376
02 Dec 2022|108.40|108.40|106.42|106.95|98.63|3,451,688
01 Dec 2022|108.48|108.99|108.08|108.42|99.99|1,369,948
30 Nov 2022|108.38|108.71|107.43|107.86|99.47|5,911,776
29 Nov 2022|108.26|108.43|107.51|108.09|99.68|1,650,824
28 Nov 2022|108.75|109.06|108.13|108.48|100.04|1,928,931
25 Nov 2022|108.20|109.20|107.92|109.20|100.70|2,163,400
24 Nov 2022|108.07|108.32|107.57|108.01|99.61|1,691,775
23 Nov 2022|108.00|108.29|107.74|108.07|99.66|1,932,908
22 Nov 2022|106.74|107.87|106.63|107.50|99.14|2,395,517
21 Nov 2022|106.60|107.13|106.22|106.58|98.29|2,766,456
18 Nov 2022|105.55|106.23|105.16|105.82|97.59|3,028,383
17 Nov 2022|105.92|105.92|105.00|105.64|97.42|2,655,083
16 Nov 2022|105.19|105.47|103.42|104.58|96.44|2,941,625
15 Nov 2022|105.80|107.45|105.53|106.48|98.20|2,427,583
14 Nov 2022|105.49|105.49|103.90|105.10|96.92|1,919,104
11 Nov 2022|106.40|106.40|104.97|105.81|97.58|3,384,469
10 Nov 2022|105.43|105.43|103.85|104.04|95.95|2,073,110
09 Nov 2022|104.50|105.25|103.77|104.77|96.62|1,990,001
08 Nov 2022|103.54|104.83|103.30|104.48|96.35|1,872,728
07 Nov 2022|103.98|103.99|102.50|103.08|95.06|1,717,044
04 Nov 2022|103.77|103.99|102.53|103.05|95.03|2,787,631
03 Nov 2022|104.76|104.90|103.96|104.50|96.37|2,143,283
02 Nov 2022|106.06|106.80|105.22|105.97|97.73|2,073,713
01 Nov 2022|104.75|106.05|103.82|106.05|97.80|2,628,163
31 Oct 2022|104.22|105.00|103.82|104.68|96.54|3,084,095
28 Oct 2022|103.18|103.54|102.82|103.22|95.19|2,426,561
27 Oct 2022|103.20|103.55|99.79|102.42|94.45|2,830,132
26 Oct 2022|102.00|102.57|101.60|102.00|94.06|1,915,194
25 Oct 2022|101.50|101.92|100.69|101.78|93.86|1,902,730
24 Oct 2022|101.10|101.18|99.74|100.48|92.66|1,627,347
21 Oct 2022|100.00|100.48|98.38|99.28|91.56|3,151,996
20 Oct 2022|99.79|100.85|99.56|100.77|92.93|2,969,685
19 Oct 2022|100.30|100.80|100.00|100.48|92.66|2,337,497
18 Oct 2022|99.47|100.00|98.65|99.78|92.02|2,472,383
17 Oct 2022|98.73|98.88|97.92|98.09|90.46|1,600,452
14 Oct 2022|99.76|99.95|98.85|98.90|91.21|2,313,393
13 Oct 2022|97.40|99.34|96.96|98.13|90.50|3,321,019
12 Oct 2022|94.25|96.85|94.15|96.29|88.80|2,662,711
11 Oct 2022|95.30|95.46|93.83|94.00|86.69|1,981,852
10 Oct 2022|95.36|95.55|94.44|94.96|87.57|1,721,714
07 Oct 2022|94.99|96.73|94.89|96.42|88.92|2,455,127
06 Oct 2022|96.60|97.08|96.07|96.88|89.34|2,055,834
05 Oct 2022|95.99|97.60|95.79|97.29|89.72|3,870,008
04 Oct 2022|92.00|94.87|91.89|94.79|87.42|3,030,551
03 Oct 2022|91.15|91.37|89.66|90.61|83.56|2,038,034
30 Sept 2022|93.22|93.23|90.26|90.70|83.64|3,741,428
29 Sept 2022|93.83|94.19|93.12|93.12|85.88|2,094,138
28 Sept 2022|92.50|93.00|91.79|92.54|85.34|2,433,767
27 Sept 2022|93.94|94.34|92.97|93.43|86.16|2,709,362
26 Sept 2022|92.60|93.98|92.28|93.61|86.33|2,274,251
23 Sept 2022|94.52|94.89|93.40|93.64|86.36|2,720,087
21 Sept 2022|96.28|96.28|95.08|95.45|88.02|1,946,963
20 Sept 2022|95.95|96.80|95.66|96.53|89.02|2,389,248
19 Sept 2022|94.25|95.03|94.25|94.66|87.30|1,474,030
16 Sept 2022|94.55|95.28|94.04|94.23|86.90|5,980,478
15 Sept 2022|94.85|95.34|94.66|95.06|87.66|3,364,419
14 Sept 2022|95.63|95.68|94.43|94.46|87.11|2,958,659
13 Sept 2022|97.00|98.08|96.74|97.94|90.32|2,343,197
12 Sept 2022|96.00|96.70|95.63|96.28|88.79|1,596,321
09 Sept 2022|95.77|97.29|94.34|95.53|88.10|3,030,132
08 Sept 2022|94.67|95.66|93.85|95.21|87.80|2,701,707
07 Sept 2022|96.01|96.57|94.05|94.10|86.78|2,876,328
06 Sept 2022|96.22|96.65|96.11|96.11|88.63|1,676,568
05 Sept 2022|97.48|97.48|95.90|96.51|89.00|1,963,119
02 Sept 2022|96.10|97.40|96.06|96.95|89.41|2,183,269
01 Sept 2022|95.87|96.96|94.65|96.05|88.58|3,228,601
31 Aug 2022|96.56|97.47|96.05|97.47|89.89|2,916,918
30 Aug 2022|96.41|97.31|96.32|96.55|89.04|1,833,997
29 Aug 2022|96.53|96.74|95.62|96.28|88.79|2,107,747
26 Aug 2022|98.20|98.70|97.65|98.31|90.66|1,915,332
25 Aug 2022|97.53|98.05|96.65|97.82|90.21|1,706,595
24 Aug 2022|97.25|98.03|97.16|97.20|89.64|2,155,170
23 Aug 2022|98.50|98.68|97.02|97.02|89.47|2,354,382
22 Aug 2022|99.31|99.80|98.81|98.96|91.26|1,796,830
19 Aug 2022|101.05|101.10|99.55|99.95|92.17|3,405,681
18 Aug 2022|99.97|101.09|99.68|100.99|93.13|2,811,590
17 Aug 2022|100.40|100.46|99.62|99.62|91.87|3,400,334
17 Aug 2022|2.1Dividend
16 Aug 2022|101.10|101.75|100.55|101.46|91.63|1,989,122
15 Aug 2022|100.43|101.06|100.16|100.46|90.73|1,503,959
12 Aug 2022|100.15|100.35|99.46|100.34|90.62|2,721,743
11 Aug 2022|101.40|102.16|100.18|100.85|91.08|2,725,288
10 Aug 2022|101.28|101.65|100.06|101.00|91.21|2,880,434
09 Aug 2022|102.19|102.32|100.74|101.28|91.47|2,629,041
08 Aug 2022|101.08|102.89|101.03|102.60|92.66|1,662,514
05 Aug 2022|101.59|101.96|101.13|101.41|91.59|1,551,472
04 Aug 2022|101.07|101.99|100.87|101.80|91.94|1,916,972
03 Aug 2022|101.25|101.35|100.24|100.47|90.74|2,021,471
02 Aug 2022|100.99|102.27|100.43|101.97|92.09|1,905,527
01 Aug 2022|100.68|101.08|99.09|101.08|91.29|2,374,671
29 July 2022|100.30|101.36|100.10|100.77|91.01|3,122,636
28 July 2022|99.48|100.20|99.11|99.89|90.21|3,301,364
27 July 2022|96.51|99.37|96.46|98.90|89.32|2,221,207
26 July 2022|97.29|97.30|96.43|96.73|87.36|1,269,447
25 July 2022|97.88|97.88|96.85|97.07|87.67|1,672,440
22 July 2022|97.35|98.38|96.90|97.80|88.32|4,505,354
21 July 2022|96.20|97.67|95.44|97.62|88.16|2,660,268
20 July 2022|96.00|96.36|95.50|96.02|86.72|1,775,377
19 July 2022|94.37|94.99|93.73|94.95|85.75|1,718,090
18 July 2022|94.31|94.39|92.99|94.24|85.11|1,849,349
15 July 2022|92.46|93.27|91.35|93.27|84.23|2,727,568
14 July 2022|93.54|94.35|93.06|93.22|84.19|2,558,730
13 July 2022|93.75|94.63|93.09|94.63|85.46|3,038,458
12 July 2022|92.95|93.88|92.45|93.63|84.56|2,669,294
11 July 2022|93.00|93.73|92.16|92.55|83.58|1,505,516
08 July 2022|94.00|94.00|92.38|92.59|83.62|2,405,606
07 July 2022|92.24|93.08|91.58|93.08|84.06|2,438,758
06 July 2022|90.62|92.46|90.31|92.00|83.09|2,837,673
05 July 2022|91.12|92.07|90.58|91.23|82.39|1,908,049
04 July 2022|91.83|92.41|91.24|91.45|82.59|2,113,007
01 July 2022|90.97|91.51|90.21|90.70|81.91|2,828,357
30 June 2022|92.40|92.41|90.38|90.38|81.62|3,821,949
29 June 2022|93.30|93.50|92.23|93.00|83.99|2,391,929
28 June 2022|93.99|94.30|93.10|93.54|84.48|2,486,253
27 June 2022|91.99|93.80|91.46|93.74|84.66|2,891,382
24 June 2022|89.35|90.35|88.79|90.16|81.43|2,760,719
23 June 2022|89.61|90.54|89.48|89.75|81.05|3,006,090
22 June 2022|90.79|90.92|89.12|89.57|80.89|3,340,800
21 June 2022|88.38|89.69|87.98|89.67|80.98|2,458,551
20 June 2022|87.80|89.37|87.42|87.55|79.07|3,499,314
17 June 2022|88.25|88.45|86.98|87.26|78.81|9,136,594
16 June 2022|92.29|92.87|90.00|90.47|81.71|5,203,139
15 June 2022|90.50|91.91|89.94|90.62|81.84|4,460,665
14 June 2022|89.70|91.20|88.44|91.20|82.36|6,989,032
10 June 2022|94.30|96.90|93.70|93.78|84.69|4,520,476
09 June 2022|96.00|96.31|92.70|94.95|85.75|6,983,162
08 June 2022|102.40|102.90|97.47|97.47|88.03|4,931,040
07 June 2022|104.10|104.31|101.83|101.96|92.08|2,301,490
06 June 2022|105.10|105.34|104.44|104.68|94.54|1,061,366
03 June 2022|106.21|106.40|104.69|105.20|95.01|1,671,897
02 June 2022|105.66|105.76|104.76|105.44|95.22|1,545,595
01 June 2022|105.00|106.71|105.00|106.71|96.37|2,044,084
31 May 2022|106.29|106.54|104.36|104.36|94.25|4,192,211
30 May 2022|107.00|107.08|106.18|106.56|96.24|1,894,069
27 May 2022|106.81|107.00|106.16|106.63|96.30|1,461,568
26 May 2022|106.46|107.25|105.32|105.43|95.22|1,894,406
25 May 2022|105.70|107.25|105.52|106.17|95.88|2,405,961
24 May 2022|104.15|105.94|104.15|105.09|94.91|1,765,212
23 May 2022|105.26|105.40|103.83|104.50|94.38|1,476,420
20 May 2022|104.00|105.13|103.64|104.60|94.47|2,869,553
19 May 2022|103.51|104.15|103.25|103.80|93.74|3,044,524
18 May 2022|105.40|105.53|103.93|104.80|94.65|2,073,911
17 May 2022|103.97|105.37|103.67|105.12|94.94|2,147,425
16 May 2022|103.00|103.73|102.40|103.33|93.32|1,696,160
13 May 2022|102.42|102.56|101.51|102.28|92.37|2,897,483
12 May 2022|100.65|102.92|100.26|102.15|92.25|2,911,126
11 May 2022|101.61|102.44|100.97|101.51|91.68|1,696,686
10 May 2022|101.80|102.29|100.55|101.70|91.85|2,909,325
09 May 2022|102.28|102.79|101.81|102.66|92.71|1,449,093
06 May 2022|102.64|102.64|101.56|102.40|92.48|2,436,089
05 May 2022|102.98|104.07|102.40|103.71|93.66|1,778,171
04 May 2022|103.20|103.48|101.77|102.98|93.00|1,490,166
03 May 2022|102.25|102.97|101.57|102.26|92.35|1,229,690
02 May 2022|103.10|103.35|102.27|102.97|92.99|1,289,117
29 Apr 2022|103.80|104.19|103.38|103.88|93.82|2,251,074
28 Apr 2022|104.09|104.37|102.63|103.23|93.23|1,607,790
27 Apr 2022|103.68|103.87|102.56|103.00|93.02|1,758,440
26 Apr 2022|103.01|105.25|102.55|104.75|94.60|2,387,922
22 Apr 2022|108.00|108.10|105.37|105.37|95.16|3,289,367
21 Apr 2022|108.00|108.39|107.41|108.35|97.85|1,872,803
20 Apr 2022|107.51|108.05|106.86|107.24|96.85|1,834,918
19 Apr 2022|106.81|107.37|106.42|107.01|96.64|1,758,577
14 Apr 2022|105.91|107.11|105.83|106.50|96.18|1,393,778
13 Apr 2022|106.55|106.90|106.08|106.55|96.23|1,479,813
12 Apr 2022|106.79|107.08|106.00|106.71|96.37|1,334,658
11 Apr 2022|105.80|107.12|105.75|106.88|96.53|1,515,505
08 Apr 2022|105.65|105.70|104.90|105.38|95.17|1,740,982
07 Apr 2022|105.02|105.56|104.64|105.24|95.04|1,347,251
06 Apr 2022|104.04|105.79|103.76|105.71|95.47|1,879,653
05 Apr 2022|104.07|104.85|103.84|104.36|94.25|1,304,088
04 Apr 2022|104.79|105.24|103.72|103.72|93.67|1,542,723
01 Apr 2022|105.77|106.13|104.52|104.53|94.40|2,047,994
31 Mar 2022|107.20|107.34|105.77|105.77|95.52|3,259,035
30 Mar 2022|106.98|107.54|106.49|107.07|96.70|1,735,594
29 Mar 2022|106.45|107.10|106.27|106.37|96.06|1,579,916
28 Mar 2022|106.98|107.04|106.00|106.14|95.86|1,280,146
25 Mar 2022|107.29|107.77|105.92|105.92|95.66|2,925,283
24 Mar 2022|106.35|107.35|106.25|107.35|96.95|1,676,029
23 Mar 2022|106.63|107.46|106.43|107.45|97.04|1,705,322
22 Mar 2022|106.90|107.30|106.07|106.07|95.79|1,773,598
21 Mar 2022|106.29|107.35|105.70|105.70|95.46|2,217,058
18 Mar 2022|105.74|106.29|105.10|106.29|95.99|6,310,578
17 Mar 2022|107.00|107.00|105.28|106.15|95.87|3,996,962
16 Mar 2022|104.31|104.79|103.73|104.76|94.61|2,869,840
15 Mar 2022|102.55|103.80|102.30|103.78|93.73|3,188,234
14 Mar 2022|100.33|102.08|100.10|102.00|92.12|3,220,955
11 Mar 2022|98.71|100.11|98.63|99.38|89.75|3,634,352
10 Mar 2022|98.25|99.92|98.10|99.74|90.08|3,458,497
09 Mar 2022|95.25|97.79|94.88|97.41|87.97|2,627,749
08 Mar 2022|94.60|96.24|94.41|95.59|86.33|3,711,886
07 Mar 2022|94.25|94.85|93.65|94.64|85.47|3,315,111
04 Mar 2022|94.80|95.05|93.46|94.60|85.43|3,169,612
03 Mar 2022|95.26|95.45|94.14|94.51|85.35|4,427,098
02 Mar 2022|92.59|95.20|92.59|94.70|85.53|3,049,670
01 Mar 2022|94.01|96.24|93.89|94.82|85.63|2,320,712
28 Feb 2022|94.28|94.94|92.54|93.46|84.41|10,046,963
25 Feb 2022|95.62|95.90|93.53|93.88|84.78|4,902,678
24 Feb 2022|95.92|96.22|94.44|94.71|85.53|3,504,427
23 Feb 2022|96.04|96.95|95.81|96.69|87.32|2,267,917
22 Feb 2022|96.36|96.83|95.05|96.04|86.74|2,688,137
21 Feb 2022|96.95|98.34|96.24|98.09|88.59|1,968,627
18 Feb 2022|98.00|98.58|97.41|97.75|88.28|2,361,575
17 Feb 2022|98.59|99.31|98.14|98.81|89.24|2,591,681
16 Feb 2022|98.41|98.82|97.54|98.57|89.02|3,647,780
16 Feb 2022|1.75Dividend
15 Feb 2022|99.08|100.35|98.93|99.49|88.27|2,667,416
14 Feb 2022|98.30|100.51|98.20|100.04|88.76|2,578,374
11 Feb 2022|99.42|100.18|98.33|98.55|87.44|3,457,229
10 Feb 2022|100.00|100.78|98.64|100.78|89.42|4,167,883
09 Feb 2022|99.01|99.89|97.91|99.56|88.33|5,436,704
08 Feb 2022|93.07|94.63|92.95|94.30|83.67|2,890,934
07 Feb 2022|93.40|94.21|92.44|94.00|83.40|3,137,168
04 Feb 2022|92.94|94.10|92.82|94.10|83.49|3,237,852
03 Feb 2022|93.50|94.89|92.61|93.44|82.90|3,331,673
02 Feb 2022|94.50|95.07|94.22|94.74|84.06|2,078,320
01 Feb 2022|94.15|94.99|93.22|93.93|83.34|2,611,835
31 Jan 2022|95.01|95.23|93.74|93.74|83.17|3,146,452
28 Jan 2022|94.76|96.01|92.37|95.67|84.88|13,796,397
27 Jan 2022|96.05|97.82|93.01|93.78|83.20|5,359,270
25 Jan 2022|96.71|97.15|93.87|95.45|84.69|5,802,823
24 Jan 2022|97.00|98.07|96.70|97.44|86.45|1,889,354
21 Jan 2022|97.81|98.31|97.01|97.37|86.39|3,593,016
20 Jan 2022|98.14|99.05|97.65|98.61|87.49|2,895,501
19 Jan 2022|100.39|100.63|98.83|99.33|88.13|2,638,102
18 Jan 2022|101.00|101.23|100.60|100.79|89.42|1,264,465
17 Jan 2022|101.85|101.85|100.81|101.16|89.75|1,467,142
14 Jan 2022|101.76|102.65|100.50|100.85|89.48|2,155,504
13 Jan 2022|101.90|102.44|101.69|102.12|90.60|1,639,007
12 Jan 2022|102.15|102.48|100.82|101.58|90.13|1,557,284
11 Jan 2022|102.52|102.89|100.62|101.76|90.28|2,346,000
10 Jan 2022|102.87|103.32|102.08|103.32|91.67|1,467,407
07 Jan 2022|101.99|102.87|101.89|102.65|91.07|2,596,039
06 Jan 2022|102.80|103.13|99.78|99.97|88.70|2,603,548
05 Jan 2022|103.28|103.48|102.62|103.20|91.56|2,086,996
04 Jan 2022|102.00|102.82|101.30|102.51|90.95|2,195,465
31 Dec 2021|102.27|102.67|101.00|101.00|89.61|1,198,104
30 Dec 2021|102.00|102.58|101.71|102.27|90.74|1,015,385
29 Dec 2021|101.42|102.37|101.37|101.90|90.41|1,548,336
24 Dec 2021|100.58|101.14|100.58|100.63|89.28|888,168
23 Dec 2021|100.00|100.59|99.76|100.11|88.82|992,730
22 Dec 2021|99.80|99.92|99.21|99.78|88.53|1,653,355
21 Dec 2021|99.54|100.00|99.00|99.59|88.36|1,828,187
20 Dec 2021|98.65|99.20|98.03|99.20|88.01|1,714,077
17 Dec 2021|97.17|99.48|97.05|99.12|87.94|7,120,915
16 Dec 2021|96.68|97.36|96.29|96.79|85.88|2,773,830
15 Dec 2021|97.38|98.00|96.51|96.93|86.00|1,829,146
14 Dec 2021|97.03|98.39|96.85|97.54|86.54|1,888,180
13 Dec 2021|98.30|99.28|97.74|98.03|86.98|1,772,633
10 Dec 2021|97.80|98.56|97.56|97.90|86.86|1,710,318
09 Dec 2021|98.12|98.57|97.53|98.16|87.09|1,745,841
08 Dec 2021|98.26|98.92|97.01|97.95|86.90|2,474,246
07 Dec 2021|98.00|98.23|96.76|97.63|86.62|1,866,694
06 Dec 2021|96.62|97.69|96.19|97.24|86.27|2,142,812
03 Dec 2021|96.51|96.93|95.64|96.61|85.72|2,664,935
02 Dec 2021|93.00|96.04|93.00|95.90|85.09|2,980,988
01 Dec 2021|92.60|94.04|92.38|93.88|83.29|2,498,623
30 Nov 2021|94.56|94.99|93.16|93.18|82.67|6,085,030
29 Nov 2021|93.37|94.58|92.70|93.78|83.20|3,307,834
26 Nov 2021|95.80|96.36|94.22|94.81|84.12|3,048,649
25 Nov 2021|96.87|97.06|95.67|95.77|84.97|2,580,435
24 Nov 2021|97.20|98.33|96.51|97.18|86.22|2,809,339
23 Nov 2021|96.15|97.36|96.15|96.82|85.90|2,387,557
22 Nov 2021|97.82|97.99|95.65|95.80|85.00|2,513,854
19 Nov 2021|97.73|98.71|97.50|97.81|86.78|3,532,584
18 Nov 2021|99.00|99.13|97.46|97.46|86.47|5,120,941
17 Nov 2021|103.30|103.30|98.63|98.99|87.83|8,337,211
16 Nov 2021|107.50|107.97|107.06|107.68|95.54|2,426,125
15 Nov 2021|108.03|108.11|107.40|108.01|95.83|1,515,787
12 Nov 2021|107.31|108.40|106.70|108.12|95.93|1,646,144
11 Nov 2021|109.01|109.18|106.43|107.17|95.08|2,093,965
10 Nov 2021|109.00|109.94|108.67|108.91|96.63|1,474,499
09 Nov 2021|109.85|109.85|108.73|108.81|96.54|1,589,464
08 Nov 2021|110.00|110.19|109.27|110.13|97.71|1,514,479
05 Nov 2021|108.50|109.95|108.49|109.71|97.34|2,419,455
04 Nov 2021|107.25|108.50|107.20|108.50|96.26|1,833,682
03 Nov 2021|106.52|107.26|106.13|107.00|94.93|1,829,800
02 Nov 2021|106.32|106.55|105.07|105.76|93.83|1,628,086
01 Nov 2021|105.68|106.40|104.75|106.29|94.30|2,767,296
29 Oct 2021|107.00|107.20|104.17|104.68|92.88|3,024,922
28 Oct 2021|105.99|106.86|105.57|106.86|94.81|2,271,484
27 Oct 2021|105.04|106.11|104.88|106.10|94.14|1,831,998
26 Oct 2021|105.55|106.00|104.98|105.10|93.25|1,398,841
25 Oct 2021|105.00|105.93|104.98|105.46|93.57|1,352,099
22 Oct 2021|104.51|104.97|103.93|104.88|93.05|2,794,987
21 Oct 2021|105.03|105.28|104.56|104.95|93.12|2,364,710
20 Oct 2021|104.36|105.18|104.15|105.03|93.19|2,504,461
19 Oct 2021|103.94|104.45|103.62|103.89|92.17|1,590,707
18 Oct 2021|102.55|104.15|102.55|103.94|92.22|2,328,844
15 Oct 2021|102.27|102.45|101.52|102.28|90.75|1,712,117
14 Oct 2021|103.41|103.44|101.91|101.91|90.42|2,358,452
13 Oct 2021|104.64|104.89|103.04|103.22|91.58|2,906,039
12 Oct 2021|103.65|105.20|103.65|104.89|93.06|3,707,945
11 Oct 2021|104.01|104.96|103.50|104.69|92.88|2,335,810
08 Oct 2021|103.70|104.45|102.93|104.45|92.67|8,012,331
07 Oct 2021|103.87|104.00|102.70|103.41|91.75|3,551,947
06 Oct 2021|104.60|104.69|102.39|103.42|91.76|8,996,170
05 Oct 2021|104.79|106.27|104.21|105.50|93.60|5,578,795
04 Oct 2021|102.76|105.63|102.47|105.16|93.30|10,273,487
01 Oct 2021|102.00|103.07|99.62|100.08|88.79|6,047,430
30 Sept 2021|104.00|104.46|103.33|104.33|92.56|5,580,253
29 Sept 2021|103.49|103.88|101.85|102.62|91.05|4,789,117
28 Sept 2021|105.00|105.94|103.88|104.00|92.27|3,966,023
27 Sept 2021|102.29|104.94|102.00|104.59|92.80|4,102,986
24 Sept 2021|101.50|101.76|100.80|101.70|90.23|1,852,521
23 Sept 2021|100.42|101.23|100.14|100.80|89.43|1,811,104
22 Sept 2021|99.73|100.48|99.51|99.64|88.40|1,814,722
21 Sept 2021|99.93|100.48|99.59|100.34|89.02|1,824,143
20 Sept 2021|101.79|102.23|100.78|100.81|89.44|1,826,955
17 Sept 2021|102.10|103.21|102.05|102.88|91.28|5,172,919
16 Sept 2021|101.99|102.85|101.61|102.85|91.25|3,551,486
15 Sept 2021|101.13|101.79|100.38|101.41|89.97|1,668,541
14 Sept 2021|100.90|101.96|100.11|101.58|90.13|2,114,634
13 Sept 2021|100.78|101.37|100.39|101.30|89.88|1,119,691
10 Sept 2021|101.92|101.99|100.68|101.09|89.69|1,995,586
09 Sept 2021|102.05|102.30|100.09|100.55|89.21|2,468,569
08 Sept 2021|101.58|103.30|101.52|102.92|91.31|2,118,352
07 Sept 2021|102.00|102.49|101.58|102.14|90.62|1,332,462
06 Sept 2021|101.31|102.16|100.63|102.16|90.64|1,458,446
03 Sept 2021|101.36|102.00|101.02|101.84|90.36|1,604,540
02 Sept 2021|101.50|102.00|100.41|101.37|89.94|1,887,736
01 Sept 2021|99.62|101.00|99.15|101.00|89.61|1,788,312
31 Aug 2021|100.00|100.63|99.61|100.12|88.83|2,947,816
30 Aug 2021|102.00|102.10|100.00|100.42|89.10|1,928,907
27 Aug 2021|100.85|101.58|100.45|101.54|90.09|1,907,148
26 Aug 2021|100.64|101.24|99.84|100.99|89.60|1,664,793
25 Aug 2021|99.99|100.83|99.77|100.32|89.01|1,403,418
24 Aug 2021|100.51|100.60|99.75|99.91|88.64|1,335,240
23 Aug 2021|99.89|100.17|99.62|100.17|88.87|1,326,874
20 Aug 2021|100.00|100.70|99.25|99.27|88.08|2,620,966
19 Aug 2021|99.12|100.07|99.10|99.22|88.03|2,242,541
18 Aug 2021|99.49|100.57|99.28|99.77|88.52|3,036,114
17 Aug 2021|100.68|100.90|99.00|99.00|87.84|3,990,475
17 Aug 2021|2Dividend
16 Aug 2021|103.55|103.63|102.42|102.54|89.20|3,855,925
13 Aug 2021|106.00|106.26|103.63|104.03|90.50|3,735,467
12 Aug 2021|108.86|108.92|105.34|105.88|92.11|3,841,214
11 Aug 2021|108.75|109.03|107.13|108.17|94.10|3,614,887
10 Aug 2021|105.66|106.56|105.19|106.56|92.70|2,356,568
09 Aug 2021|104.76|105.58|104.25|104.94|91.29|1,889,463
06 Aug 2021|103.50|104.22|103.28|103.75|90.25|1,917,193
05 Aug 2021|102.50|103.70|102.31|103.41|89.96|1,995,170
04 Aug 2021|101.50|102.50|101.50|102.23|88.93|1,876,527
03 Aug 2021|101.02|101.75|101.02|101.45|88.25|1,639,681
02 Aug 2021|99.89|102.35|99.66|101.66|88.44|2,317,578
30 July 2021|99.66|100.17|99.45|99.65|86.69|2,502,824
29 July 2021|99.31|99.55|98.91|99.45|86.51|1,744,882
28 July 2021|100.03|100.35|99.11|99.30|86.38|2,323,659
27 July 2021|99.39|100.78|99.26|100.71|87.61|2,547,943
26 July 2021|99.22|99.79|98.80|99.14|86.24|1,408,492
23 July 2021|99.00|99.40|98.77|99.12|86.23|1,557,685
22 July 2021|98.98|99.88|98.93|99.88|86.89|2,039,580
21 July 2021|98.25|98.86|97.80|98.42|85.62|1,894,365
20 July 2021|96.40|97.90|96.03|97.61|84.91|2,194,476
19 July 2021|97.25|97.93|96.24|97.68|84.97|1,615,348
16 July 2021|98.31|98.32|97.61|98.19|85.42|3,147,728
15 July 2021|98.99|99.13|98.11|98.31|85.52|2,046,644
14 July 2021|98.40|99.05|97.95|98.78|85.93|2,042,014
13 July 2021|100.00|100.12|98.34|98.39|85.59|2,270,019
12 July 2021|99.35|99.49|98.72|99.17|86.27|1,510,229
09 July 2021|98.65|98.89|97.71|98.59|85.77|2,720,818
08 July 2021|99.36|100.18|99.14|99.49|86.55|1,807,323
07 July 2021|98.50|99.71|98.35|99.71|86.74|1,879,216
06 July 2021|99.50|99.96|98.62|98.62|85.79|2,030,654
05 July 2021|99.03|99.46|98.72|99.18|86.28|1,210,399
02 July 2021|99.15|99.50|98.74|99.49|86.55|1,880,758
01 July 2021|99.85|100.00|98.52|98.70|85.86|2,109,527
30 June 2021|100.88|101.00|99.87|99.87|86.88|2,267,452
29 June 2021|99.11|100.50|98.76|100.48|87.41|1,940,208
28 June 2021|99.45|99.87|98.30|99.87|86.88|1,711,467
25 June 2021|99.97|99.99|98.76|99.26|86.35|2,374,636
24 June 2021|99.00|99.18|98.20|98.65|85.82|2,322,776
23 June 2021|99.87|100.17|98.92|99.20|86.30|2,295,011
22 June 2021|100.37|101.20|99.84|100.23|87.19|2,855,988
21 June 2021|101.72|101.82|98.06|98.06|85.31|4,770,270
18 June 2021|105.35|105.40|103.69|103.69|90.20|8,444,253
17 June 2021|105.50|106.57|105.11|105.91|92.13|3,930,519
16 June 2021|104.01|104.94|103.41|104.82|91.19|2,775,509
15 June 2021|101.50|103.72|101.46|103.45|89.99|2,296,140
11 June 2021|101.00|101.69|100.82|101.36|88.18|1,740,852
10 June 2021|101.00|102.12|100.77|101.85|88.60|1,791,330
09 June 2021|101.38|101.91|100.94|101.08|87.93|1,826,370
08 June 2021|101.85|102.42|100.71|101.48|88.28|2,202,865
07 June 2021|102.25|102.30|101.47|101.93|88.67|1,248,446
04 June 2021|101.74|102.64|101.50|102.52|89.18|2,392,986
03 June 2021|100.50|101.85|100.39|101.21|88.05|1,880,601
02 June 2021|100.00|100.42|99.31|100.33|87.28|1,992,987
01 June 2021|99.37|99.82|98.84|99.46|86.52|1,231,266
31 May 2021|100.72|101.50|99.65|99.72|86.75|2,196,204
28 May 2021|99.09|100.56|98.82|100.56|87.48|2,803,414
27 May 2021|99.65|100.08|98.74|98.97|86.10|3,488,494
26 May 2021|99.25|100.20|99.25|99.58|86.63|1,976,479
25 May 2021|98.87|99.65|98.60|99.63|86.67|1,526,334
24 May 2021|98.00|99.16|97.65|98.76|85.91|1,693,358
21 May 2021|97.99|98.57|97.57|98.05|85.30|4,462,981
20 May 2021|96.09|98.48|95.86|98.40|85.60|3,276,187
19 May 2021|96.69|97.00|95.10|95.32|82.92|2,971,615
18 May 2021|98.35|98.85|97.76|97.76|85.04|1,910,587
17 May 2021|96.99|98.40|96.91|97.79|85.07|1,931,159
14 May 2021|97.25|97.38|96.41|96.58|84.02|2,110,994
13 May 2021|95.43|96.50|94.82|95.98|83.50|2,460,516
12 May 2021|94.00|95.57|93.85|95.57|83.14|3,398,755
11 May 2021|95.00|95.50|94.25|94.58|82.28|2,280,046
10 May 2021|93.90|95.18|93.80|95.15|82.77|1,951,229
07 May 2021|93.00|94.10|92.60|93.92|81.70|3,055,557
06 May 2021|93.00|93.10|91.97|92.94|80.85|3,482,352
05 May 2021|92.51|92.72|91.56|92.72|80.66|3,096,594
04 May 2021|89.94|90.65|89.56|90.45|78.68|1,980,156
03 May 2021|89.47|89.99|89.21|89.70|78.03|1,772,294
30 Apr 2021|89.78|89.78|88.82|89.04|77.46|2,702,298
29 Apr 2021|90.60|90.81|89.89|90.00|78.29|1,635,378
28 Apr 2021|89.51|90.59|89.50|90.21|78.48|2,462,101
27 Apr 2021|89.00|89.46|88.40|89.33|77.71|1,836,324
26 Apr 2021|89.75|89.99|88.97|89.05|77.47|1,226,856
23 Apr 2021|88.94|89.39|88.75|89.39|77.76|1,616,978
22 Apr 2021|88.57|89.14|88.31|89.14|77.55|2,948,752
21 Apr 2021|87.05|88.31|86.90|88.17|76.70|2,770,888
20 Apr 2021|88.69|88.83|87.57|87.74|76.33|1,835,450
19 Apr 2021|88.49|89.08|88.12|88.84|77.28|2,140,964
16 Apr 2021|87.68|88.01|87.45|87.99|76.54|2,825,845
15 Apr 2021|88.00|88.00|87.15|87.91|76.48|1,921,598
14 Apr 2021|87.25|87.90|87.03|87.80|76.38|2,014,595
13 Apr 2021|86.65|87.47|86.63|87.19|75.85|1,578,334
12 Apr 2021|87.11|87.45|86.45|86.72|75.44|1,568,333
09 Apr 2021|87.20|87.49|86.44|87.13|75.80|1,644,070
08 Apr 2021|86.90|87.86|86.74|87.12|75.79|2,641,603
07 Apr 2021|86.06|86.73|85.73|86.53|75.27|1,941,057
06 Apr 2021|86.95|86.95|86.03|86.03|74.84|2,032,271
01 Apr 2021|85.95|86.37|85.53|86.21|75.00|1,828,365
31 Mar 2021|86.01|87.14|85.80|86.10|74.90|3,266,727
30 Mar 2021|85.66|86.42|85.13|85.40|74.29|1,725,824
29 Mar 2021|86.17|86.60|85.47|85.57|74.44|1,559,267
26 Mar 2021|86.82|87.06|85.93|86.00|74.81|2,506,871
25 Mar 2021|86.19|86.98|85.79|86.54|75.28|2,145,117
24 Mar 2021|85.05|86.47|84.71|86.37|75.14|2,100,578
23 Mar 2021|84.22|85.36|84.20|84.77|73.74|1,668,194
22 Mar 2021|84.70|85.36|83.94|85.08|74.01|1,718,564
19 Mar 2021|85.50|85.79|84.40|84.71|73.69|9,528,922
18 Mar 2021|86.92|87.00|85.51|85.75|74.60|4,351,783
17 Mar 2021|86.93|87.88|86.40|87.11|75.78|2,412,813
16 Mar 2021|86.59|87.72|86.51|87.18|75.84|2,770,885
15 Mar 2021|86.51|86.99|85.76|86.40|75.16|1,984,298
12 Mar 2021|86.57|86.98|86.17|86.49|75.24|1,436,474
11 Mar 2021|87.82|87.88|85.77|86.45|75.21|2,295,069
10 Mar 2021|87.99|88.00|86.72|86.72|75.44|2,059,023
09 Mar 2021|88.45|88.99|87.67|87.89|76.46|2,381,197
08 Mar 2021|87.83|88.66|87.24|87.32|75.96|2,592,114
05 Mar 2021|86.40|86.80|85.53|86.45|75.21|3,125,494
04 Mar 2021|85.71|86.38|84.81|86.38|75.14|3,528,772
03 Mar 2021|84.25|85.40|84.25|85.40|74.29|2,216,522
02 Mar 2021|84.61|85.27|84.37|84.49|73.50|2,100,089
01 Mar 2021|81.90|84.14|81.79|84.11|73.17|2,483,224
26 Feb 2021|82.64|83.66|81.56|81.56|70.95|3,900,672
25 Feb 2021|83.52|84.16|83.32|83.70|72.81|2,379,912
24 Feb 2021|83.27|83.55|82.31|82.78|72.01|1,709,865
23 Feb 2021|81.94|83.40|81.60|83.29|72.46|2,047,232
22 Feb 2021|82.51|82.55|81.72|81.90|71.25|2,071,470
19 Feb 2021|83.10|83.57|81.65|82.51|71.78|4,206,236
18 Feb 2021|84.08|84.27|82.80|83.62|72.74|3,373,355
17 Feb 2021|85.40|85.74|84.04|84.28|73.32|2,340,499
16 Feb 2021|85.16|85.91|84.89|85.91|74.74|4,133,771
16 Feb 2021|1.5Dividend
15 Feb 2021|87.10|87.20|86.35|86.59|74.02|2,396,310
12 Feb 2021|87.00|87.73|86.35|86.87|74.26|2,235,993
11 Feb 2021|85.94|87.19|85.25|87.05|74.42|2,322,335
10 Feb 2021|88.00|88.47|85.77|86.12|73.62|3,228,687
09 Feb 2021|88.38|88.71|87.04|87.42|74.73|1,882,826
08 Feb 2021|88.80|89.20|88.60|88.62|75.76|1,820,303
05 Feb 2021|88.20|88.89|87.85|88.64|75.77|2,242,933
04 Feb 2021|87.87|88.13|86.76|87.06|74.42|2,315,913
03 Feb 2021|87.21|88.48|87.12|87.59|74.88|2,455,634
02 Feb 2021|85.62|86.97|85.35|86.59|74.02|2,678,902
01 Feb 2021|83.00|84.68|82.02|84.68|72.39|2,604,306
29 Jan 2021|85.99|86.09|83.38|83.51|71.39|4,486,404
28 Jan 2021|85.31|85.46|83.90|85.14|72.78|3,455,937
27 Jan 2021|86.06|86.92|85.86|86.60|74.03|2,843,239
25 Jan 2021|85.11|85.74|84.80|85.27|72.89|1,361,881
22 Jan 2021|85.00|85.32|84.81|85.09|72.74|4,575,426
21 Jan 2021|85.03|85.48|84.51|85.32|72.94|2,358,103
20 Jan 2021|85.11|85.19|84.25|84.37|72.12|1,663,224
19 Jan 2021|85.00|85.61|84.91|85.11|72.76|2,049,672
18 Jan 2021|85.10|85.35|84.16|84.67|72.38|1,469,159
15 Jan 2021|86.10|86.47|85.25|85.38|72.99|2,866,714
14 Jan 2021|85.50|86.40|85.40|86.33|73.80|2,524,347
13 Jan 2021|85.40|86.10|85.11|85.97|73.49|1,887,641
12 Jan 2021|85.49|86.26|85.28|85.88|73.42|1,940,939
11 Jan 2021|85.40|85.63|84.94|85.16|72.80|1,840,016
08 Jan 2021|84.99|85.63|84.79|85.63|73.20|2,446,079
07 Jan 2021|84.38|85.18|83.70|84.58|72.30|3,011,086
06 Jan 2021|82.69|83.35|82.28|82.90|70.87|2,252,786
05 Jan 2021|83.00|83.26|82.49|83.23|71.15|1,809,541
04 Jan 2021|82.23|83.92|82.17|83.75|71.59|1,414,844
31 Dec 2020|83.40|83.83|82.11|82.11|70.19|1,120,867
30 Dec 2020|83.55|83.80|83.09|83.59|71.46|1,340,818
29 Dec 2020|83.80|84.42|83.80|84.01|71.82|1,165,218
24 Dec 2020|83.97|84.50|83.15|83.15|71.08|883,611
23 Dec 2020|82.79|83.36|82.60|83.18|71.11|1,402,217
22 Dec 2020|82.75|83.64|82.18|82.42|70.46|1,995,338
21 Dec 2020|83.12|83.51|82.34|83.00|70.95|1,607,940
18 Dec 2020|84.40|84.45|83.16|83.16|71.09|8,380,263
17 Dec 2020|84.59|84.84|84.10|84.72|72.42|4,344,206
16 Dec 2020|83.13|84.68|83.13|83.85|71.68|2,037,896
15 Dec 2020|84.30|84.46|82.81|83.07|71.01|2,858,544
14 Dec 2020|82.50|84.54|82.50|83.92|71.74|2,641,931
11 Dec 2020|82.90|83.05|82.17|82.39|70.43|2,534,051
10 Dec 2020|83.55|84.27|82.89|83.09|71.03|5,242,972
09 Dec 2020|82.00|83.60|81.84|83.18|71.11|4,244,217
08 Dec 2020|80.38|81.81|80.00|81.81|69.94|3,903,389
07 Dec 2020|80.50|80.79|80.05|80.74|69.02|2,093,503
04 Dec 2020|79.80|80.62|79.67|80.18|68.54|2,250,549
03 Dec 2020|80.00|80.10|79.48|79.56|68.01|1,879,664
02 Dec 2020|80.33|80.39|79.35|80.10|68.47|3,014,706
01 Dec 2020|79.01|80.63|78.79|80.25|68.60|2,463,844
30 Nov 2020|80.65|81.25|79.07|79.07|67.59|4,762,676
27 Nov 2020|81.00|81.69|80.52|80.71|69.00|2,403,041
26 Nov 2020|81.90|81.99|81.09|81.09|69.32|2,020,361
25 Nov 2020|82.40|83.35|82.04|82.37|70.41|3,687,505
24 Nov 2020|80.01|81.53|79.95|81.16|69.38|2,684,006
23 Nov 2020|79.79|80.05|79.27|79.60|68.05|1,945,889
20 Nov 2020|78.78|80.00|78.10|80.00|68.39|6,969,228
19 Nov 2020|78.00|78.87|77.18|78.87|67.42|4,383,570
18 Nov 2020|75.46|77.55|75.44|77.55|66.29|3,979,413
17 Nov 2020|74.65|75.46|74.60|75.39|64.45|4,312,323
16 Nov 2020|74.00|74.56|73.79|74.49|63.68|350,619
13 Nov 2020|72.80|73.42|72.53|73.14|62.52|2,805,108
12 Nov 2020|74.40|74.60|72.87|73.07|62.46|3,365,097
11 Nov 2020|72.95|74.44|72.66|74.40|63.60|5,151,533
10 Nov 2020|72.00|73.14|71.32|72.40|61.89|6,300,671
09 Nov 2020|69.87|70.58|69.80|70.31|60.11|2,365,509
06 Nov 2020|70.00|70.25|69.26|69.79|59.66|2,084,788
05 Nov 2020|68.39|69.67|68.31|69.67|59.56|3,856,662
04 Nov 2020|69.50|69.72|67.87|68.41|58.48|2,725,022
03 Nov 2020|69.07|70.45|68.98|69.82|59.69|4,195,170
02 Nov 2020|69.68|69.70|66.04|68.87|58.87|3,410,760
30 Oct 2020|68.15|69.63|68.04|69.02|59.00|3,779,713
29 Oct 2020|68.15|68.67|67.75|68.14|58.25|2,736,317
28 Oct 2020|68.02|68.79|67.66|68.45|58.51|2,260,344
27 Oct 2020|69.10|69.38|68.31|68.75|58.77|2,139,783
26 Oct 2020|69.95|70.10|69.50|69.71|59.59|1,509,835
23 Oct 2020|69.62|69.91|68.96|69.90|59.75|2,327,154
22 Oct 2020|69.01|69.46|68.66|69.33|59.27|2,607,989
21 Oct 2020|69.21|69.82|69.08|69.67|59.56|3,012,271
20 Oct 2020|70.01|70.45|69.02|69.14|59.10|3,276,870
19 Oct 2020|69.85|70.25|69.52|70.01|59.85|1,711,635
16 Oct 2020|69.00|69.65|68.93|69.24|59.19|2,994,507
15 Oct 2020|68.62|69.72|68.33|69.28|59.22|2,461,648
14 Oct 2020|68.91|69.33|68.57|68.67|58.70|2,158,016
13 Oct 2020|69.57|70.66|69.14|69.38|59.31|3,234,295
12 Oct 2020|67.69|68.62|67.47|68.61|58.65|2,140,654
09 Oct 2020|68.50|68.55|67.71|67.71|57.88|2,430,743
08 Oct 2020|68.25|68.38|67.61|68.11|58.22|3,174,818
07 Oct 2020|66.17|67.61|66.16|67.57|57.76|3,011,826
06 Oct 2020|66.29|66.43|65.37|66.15|56.55|2,227,080
05 Oct 2020|64.71|65.99|64.57|65.99|56.41|1,961,004
02 Oct 2020|63.92|64.25|63.56|63.72|54.47|2,525,561
01 Oct 2020|63.91|64.54|63.78|64.04|54.75|2,109,305
30 Sept 2020|64.06|64.53|63.59|63.61|54.38|4,612,677
29 Sept 2020|65.89|66.04|64.90|65.02|55.58|1,979,376
28 Sept 2020|66.50|66.64|65.04|65.49|55.98|2,440,377
25 Sept 2020|65.49|66.78|65.25|66.13|56.53|4,021,873
24 Sept 2020|63.48|64.43|63.00|64.20|54.88|2,762,068
23 Sept 2020|63.49|64.47|63.35|64.27|54.94|3,572,552
22 Sept 2020|63.00|63.28|62.64|63.07|53.92|3,671,667
21 Sept 2020|64.30|64.35|63.31|63.50|54.28|4,649,205
18 Sept 2020|65.11|65.25|64.37|64.37|55.03|6,395,277
17 Sept 2020|65.37|65.77|65.00|65.00|55.57|3,934,061
16 Sept 2020|65.60|65.83|65.01|65.70|56.16|3,905,800
15 Sept 2020|66.00|66.16|65.00|65.03|55.59|3,757,071
14 Sept 2020|66.19|66.59|65.80|66.17|56.57|1,944,822
11 Sept 2020|66.00|66.26|65.80|65.80|56.25|2,996,930
10 Sept 2020|67.88|67.88|66.29|66.72|57.04|2,969,184
09 Sept 2020|66.60|66.98|66.33|66.79|57.10|3,026,643
08 Sept 2020|67.87|68.49|67.57|68.49|58.55|2,062,956
07 Sept 2020|66.37|67.90|66.07|67.37|57.59|2,350,246
04 Sept 2020|67.13|67.44|66.67|66.73|57.04|2,884,072
03 Sept 2020|68.25|68.60|68.02|68.18|58.28|2,379,411
02 Sept 2020|66.96|67.92|66.90|67.61|57.80|2,427,562
01 Sept 2020|67.51|67.72|66.42|66.79|57.10|4,125,905
31 Aug 2020|68.85|69.16|68.28|68.28|58.37|2,630,027
28 Aug 2020|69.32|69.68|68.82|69.09|59.06|3,290,137
27 Aug 2020|69.65|69.83|68.90|69.07|59.05|3,089,720
26 Aug 2020|69.82|69.87|68.80|69.65|59.54|2,667,332
25 Aug 2020|70.00|70.78|69.60|70.45|60.22|3,548,162
24 Aug 2020|69.58|69.63|68.85|68.95|58.94|2,682,292
21 Aug 2020|70.50|71.15|69.63|69.63|59.52|4,129,176
20 Aug 2020|69.85|70.67|69.85|70.26|60.06|4,527,699
19 Aug 2020|69.51|71.06|69.51|71.04|60.73|3,711,730
19 Aug 2020|0.98Dividend
18 Aug 2020|70.80|71.24|70.03|70.48|59.41|4,601,033
17 Aug 2020|71.10|71.45|70.65|70.76|59.65|3,329,741
14 Aug 2020|72.43|72.87|71.27|71.76|60.49|4,061,418
13 Aug 2020|74.99|75.17|72.13|72.43|61.06|5,960,634
12 Aug 2020|75.97|76.75|73.95|74.34|62.67|4,403,812
11 Aug 2020|74.00|76.03|73.91|74.70|62.97|4,249,396
10 Aug 2020|72.10|74.12|72.06|73.98|62.36|3,363,578
07 Aug 2020|71.21|71.65|71.02|71.52|60.29|2,499,015
06 Aug 2020|72.00|72.24|71.15|71.71|60.45|2,237,150
05 Aug 2020|70.31|71.77|69.67|71.70|60.44|2,914,726
04 Aug 2020|71.30|72.25|71.17|71.50|60.27|4,177,168
03 Aug 2020|70.41|70.51|69.13|69.93|58.95|3,299,430
31 July 2020|72.60|72.67|71.03|71.20|60.02|4,787,087
30 July 2020|73.30|73.87|73.03|73.22|61.72|2,916,496
29 July 2020|72.80|73.91|72.54|73.01|61.55|4,074,211
28 July 2020|72.82|73.05|72.13|72.21|60.87|1,907,858
27 July 2020|72.85|73.28|72.27|72.49|61.11|1,905,993
24 July 2020|73.20|73.64|72.75|72.86|61.42|2,473,039
23 July 2020|73.76|73.96|73.18|73.74|62.16|2,494,631
22 July 2020|74.30|74.72|73.57|74.13|62.49|2,723,772
21 July 2020|72.78|74.43|72.34|74.43|62.74|3,172,653
20 July 2020|72.21|72.35|71.55|71.99|60.69|1,506,664
17 July 2020|72.78|73.02|72.21|72.60|61.20|3,329,439
16 July 2020|73.07|73.45|72.09|72.64|61.23|3,339,604
15 July 2020|72.00|72.80|71.40|72.73|61.31|3,427,002
14 July 2020|72.00|72.25|71.44|71.73|60.47|2,788,782
13 July 2020|71.80|72.63|71.50|72.12|60.80|3,169,882
10 July 2020|70.61|71.15|70.21|70.63|59.54|2,954,790
09 July 2020|71.02|71.13|70.42|70.42|59.36|2,582,172
08 July 2020|70.97|71.47|70.25|70.56|59.48|3,698,529
07 July 2020|71.90|72.39|71.16|71.24|60.05|3,742,188
06 July 2020|71.40|72.30|70.97|71.42|60.20|2,432,574
03 July 2020|71.43|71.93|70.77|71.57|60.33|2,633,309
02 July 2020|69.80|71.16|69.52|71.10|59.94|4,184,511
01 July 2020|69.45|69.88|68.87|69.88|58.91|2,669,469
30 June 2020|69.55|70.15|69.01|69.42|58.52|4,503,164
29 June 2020|67.80|68.58|67.37|68.58|57.81|2,706,964
26 June 2020|68.67|69.41|68.32|69.27|58.39|5,935,454
25 June 2020|67.96|68.61|67.57|67.65|57.03|3,797,086
24 June 2020|69.24|69.60|68.63|69.24|58.37|2,798,594
23 June 2020|69.66|69.66|68.29|69.03|58.19|2,516,618
22 June 2020|68.15|69.86|67.90|69.44|58.54|2,314,821
19 June 2020|69.65|69.87|68.36|68.68|57.90|5,999,403
18 June 2020|69.15|69.44|68.13|69.01|58.17|6,359,929
17 June 2020|69.70|69.78|68.56|69.59|58.66|3,893,680
16 June 2020|68.76|69.57|68.15|69.09|58.24|5,425,361
15 June 2020|67.22|68.00|66.30|66.30|55.89|4,090,602
12 June 2020|66.50|67.64|65.38|67.32|56.75|6,002,755
11 June 2020|69.87|70.50|68.31|68.44|57.69|5,573,908
10 June 2020|71.38|72.42|70.60|71.60|60.36|3,872,247
09 June 2020|71.00|72.42|70.67|72.20|60.86|5,346,437
05 June 2020|68.17|68.98|67.91|68.73|57.94|4,428,390
04 June 2020|67.90|68.65|66.91|67.66|57.04|6,606,740
03 June 2020|64.61|66.29|64.46|66.11|55.73|3,553,552
02 June 2020|64.00|64.44|63.57|64.03|53.98|2,100,991
01 June 2020|63.05|64.23|62.31|63.90|53.87|3,070,283
29 May 2020|65.37|65.65|63.75|63.75|53.74|8,073,379
28 May 2020|66.01|67.03|65.09|65.73|55.41|5,684,569
27 May 2020|61.81|65.88|61.74|64.30|54.20|10,042,101
26 May 2020|59.40|61.31|59.11|61.31|51.68|6,741,584
25 May 2020|59.34|59.37|58.65|58.99|49.73|3,314,489
22 May 2020|59.15|59.46|58.70|58.70|49.48|3,533,352
21 May 2020|60.34|60.40|59.05|59.05|49.78|3,701,924
20 May 2020|59.10|60.10|59.02|60.07|50.64|2,628,015
19 May 2020|60.10|60.40|59.40|59.65|50.28|3,796,234
18 May 2020|59.89|59.94|58.88|58.90|49.65|2,783,661
15 May 2020|59.50|59.76|58.91|59.60|50.24|2,541,031
14 May 2020|59.40|59.59|58.82|58.90|49.65|4,440,061
13 May 2020|59.20|60.85|58.79|60.85|51.29|4,472,151
12 May 2020|60.19|60.50|59.25|59.71|50.33|3,095,215
11 May 2020|60.00|60.77|59.80|60.14|50.70|3,138,014
08 May 2020|60.25|60.30|59.47|59.60|50.24|3,732,173
07 May 2020|59.93|60.19|59.14|59.26|49.95|3,227,213
06 May 2020|60.50|60.70|59.88|60.35|50.87|2,251,545
05 May 2020|60.60|61.19|60.15|60.85|51.29|3,811,757
04 May 2020|58.63|60.11|58.01|59.88|50.48|3,294,801
01 May 2020|61.51|61.54|58.84|58.84|49.60|5,231,281
30 Apr 2020|61.88|62.93|61.26|62.69|52.85|5,477,696
29 Apr 2020|59.35|61.07|59.35|61.07|51.48|3,903,547
28 Apr 2020|59.10|60.13|58.00|58.61|49.41|4,608,913
27 Apr 2020|58.25|58.88|57.00|58.88|49.63|4,215,834
24 Apr 2020|58.55|59.55|58.49|58.88|49.63|4,408,844
23 Apr 2020|60.00|60.24|58.37|58.83|49.59|4,443,380
22 Apr 2020|58.38|59.95|57.58|59.25|49.95|4,437,856
21 Apr 2020|60.14|60.45|58.63|58.63|49.42|4,261,494
20 Apr 2020|60.99|61.59|59.88|59.88|50.48|3,866,241
17 Apr 2020|62.15|62.29|61.05|61.06|51.47|3,484,591
16 Apr 2020|60.47|61.26|60.14|61.26|51.64|5,129,177
15 Apr 2020|62.50|63.25|61.50|62.07|52.32|4,472,733
14 Apr 2020|61.76|62.75|60.80|62.75|52.90|4,179,847
09 Apr 2020|61.57|61.76|59.84|61.76|52.06|4,265,838
08 Apr 2020|60.00|61.25|59.31|59.81|50.42|7,488,425
07 Apr 2020|63.60|64.79|61.00|61.87|52.15|6,689,173
06 Apr 2020|61.09|62.99|60.50|62.47|52.66|4,475,626
03 Apr 2020|62.10|62.50|59.67|60.11|50.67|5,466,414
02 Apr 2020|61.25|62.29|59.68|61.24|51.62|8,116,112
01 Apr 2020|64.00|64.00|61.57|63.67|53.67|6,392,579
31 Mar 2020|64.60|68.18|61.00|61.82|52.11|9,250,686
30 Mar 2020|57.85|63.95|57.85|63.95|53.91|5,825,869
27 Mar 2020|63.28|63.79|57.66|57.66|48.61|12,591,507
26 Mar 2020|62.90|63.21|60.06|61.80|52.10|5,841,282
25 Mar 2020|62.00|62.40|57.88|62.40|52.60|7,698,259
24 Mar 2020|56.01|58.08|55.00|57.00|48.05|6,944,322
23 Mar 2020|57.71|57.80|53.44|54.26|45.74|10,019,723
20 Mar 2020|64.41|64.41|59.91|59.91|50.50|10,756,489
19 Mar 2020|66.19|68.50|60.45|60.95|51.38|10,958,660
18 Mar 2020|65.96|66.90|61.96|63.95|53.91|10,404,325
17 Mar 2020|59.72|67.90|59.70|67.64|57.02|11,345,264
16 Mar 2020|61.44|65.38|59.72|59.72|50.34|10,752,353
13 Mar 2020|60.47|66.36|57.16|66.36|55.94|17,021,972
12 Mar 2020|67.90|68.74|63.11|63.11|53.20|10,247,518
11 Mar 2020|73.07|73.50|68.50|68.50|57.74|8,171,997
10 Mar 2020|67.53|73.37|65.75|73.37|61.85|8,874,773
09 Mar 2020|71.00|71.96|69.15|69.15|58.29|7,669,261
06 Mar 2020|75.33|75.50|73.93|73.93|62.32|4,995,332
05 Mar 2020|78.15|78.30|76.39|76.75|64.70|5,804,404
04 Mar 2020|78.17|78.40|76.50|77.11|65.00|4,610,814
03 Mar 2020|81.50|81.95|79.09|79.11|66.69|4,537,570
02 Mar 2020|80.05|80.77|78.75|80.47|67.83|4,714,534
28 Feb 2020|82.25|82.59|81.27|81.78|68.94|7,654,504
27 Feb 2020|85.12|85.64|83.73|84.43|71.17|4,435,151
26 Feb 2020|85.33|86.05|85.07|85.35|71.95|3,362,264
25 Feb 2020|86.30|87.28|85.85|86.80|73.17|3,475,833
24 Feb 2020|87.61|87.99|87.40|87.99|74.17|2,432,907
21 Feb 2020|87.85|88.80|87.53|88.80|74.86|2,506,023
20 Feb 2020|87.83|88.10|87.41|87.85|74.05|2,902,590
19 Feb 2020|88.01|88.15|87.50|87.83|74.04|8,050,978
19 Feb 2020|2Dividend
18 Feb 2020|89.81|90.26|89.58|90.26|74.40|3,817,424
17 Feb 2020|90.79|90.88|89.25|89.46|73.74|2,619,663
14 Feb 2020|89.40|91.05|89.30|90.99|75.00|7,942,600
13 Feb 2020|88.49|88.73|87.87|88.73|73.14|4,143,011
12 Feb 2020|86.20|88.56|86.20|88.18|72.69|7,132,862
11 Feb 2020|84.80|85.00|84.52|84.72|69.83|1,913,033
10 Feb 2020|84.74|84.74|84.08|84.32|69.50|1,818,742
07 Feb 2020|84.62|84.80|83.95|84.80|69.90|3,368,097
06 Feb 2020|83.93|84.35|83.50|84.23|69.43|3,581,220
05 Feb 2020|85.00|85.00|83.28|83.28|68.65|3,166,202
04 Feb 2020|84.40|84.69|83.96|84.31|69.50|2,564,013
03 Feb 2020|84.15|84.95|84.06|84.55|69.69|2,139,581
31 Jan 2020|85.57|85.97|84.90|85.26|70.28|6,713,764
30 Jan 2020|84.84|85.44|84.68|85.44|70.43|3,176,161
29 Jan 2020|84.44|84.86|84.16|84.61|69.74|1,877,335
28 Jan 2020|83.70|84.07|83.54|84.02|69.26|2,273,413
24 Jan 2020|84.90|85.40|84.77|84.94|70.02|2,839,291
23 Jan 2020|84.44|84.95|84.26|84.52|69.67|2,105,704
22 Jan 2020|83.50|84.56|83.49|84.45|69.61|3,656,698
21 Jan 2020|83.88|83.88|83.20|83.48|68.81|1,923,944
20 Jan 2020|84.00|84.40|83.83|83.93|69.18|1,980,399
17 Jan 2020|84.74|84.96|84.01|84.05|69.28|2,401,336
16 Jan 2020|84.00|84.46|83.88|84.46|69.62|3,058,484
15 Jan 2020|83.10|83.77|83.10|83.66|68.96|2,039,328
14 Jan 2020|82.96|83.52|82.77|83.17|68.56|2,703,855
13 Jan 2020|82.10|82.58|81.73|82.48|67.99|1,434,635
10 Jan 2020|81.63|82.50|81.61|82.50|68.00|2,875,353
09 Jan 2020|81.50|81.84|81.17|81.49|67.17|3,014,295
08 Jan 2020|81.22|81.25|80.03|80.90|66.69|1,719,114
07 Jan 2020|80.82|81.20|80.18|81.20|66.93|2,417,468
06 Jan 2020|79.73|79.88|79.23|79.77|65.75|2,129,260
03 Jan 2020|80.97|81.19|80.25|80.31|66.20|1,622,784
02 Jan 2020|79.79|80.22|79.39|79.88|65.84|1,416,232
31 Dec 2019|80.53|80.55|79.80|79.90|65.86|1,766,363
*Close price adjusted for splits.**Close price adjusted for splits and dividend and/or capital gain distributions.
