Date|Open|High|Low|Close*|Adj. close**|Volume
20 Sept 2024|31.61|31.87|31.45|31.75|31.75|4,594,852
19 Sept 2024|31.54|31.68|31.34|31.50|31.50|7,484,550
18 Sept 2024|31.27|31.31|31.02|31.15|31.15|4,174,485
17 Sept 2024|31.40|31.44|31.09|31.21|31.21|2,604,897
16 Sept 2024|31.21|31.38|31.04|31.20|31.20|4,207,535
13 Sept 2024|31.39|31.47|31.01|31.15|31.15|3,043,917
12 Sept 2024|31.10|31.30|30.82|31.30|31.30|4,851,216
11 Sept 2024|31.45|31.49|30.68|30.84|30.84|6,793,550
10 Sept 2024|31.75|31.87|31.40|31.40|31.40|4,637,568
09 Sept 2024|31.33|31.70|31.15|31.52|31.52|5,328,160
06 Sept 2024|31.17|31.88|31.17|31.79|31.79|6,264,391
05 Sept 2024|30.66|31.25|30.55|31.25|31.25|5,958,333
04 Sept 2024|30.70|30.74|30.19|30.46|30.46|5,660,200
03 Sept 2024|30.63|31.02|30.54|30.95|30.95|3,772,341
02 Sept 2024|30.30|30.69|30.24|30.66|30.66|3,547,468
30 Aug 2024|30.20|30.40|30.09|30.40|30.40|12,865,272
29 Aug 2024|29.99|30.15|29.92|30.04|30.04|4,558,504
28 Aug 2024|29.60|29.92|29.44|29.92|29.92|5,741,747
27 Aug 2024|29.66|29.86|29.48|29.62|29.62|2,713,652
26 Aug 2024|29.49|29.78|29.31|29.67|29.67|4,362,967
23 Aug 2024|29.79|29.83|29.24|29.30|29.30|5,996,467
22 Aug 2024|30.07|30.19|29.87|29.95|29.95|3,123,459
21 Aug 2024|29.93|30.02|29.73|29.95|29.95|3,460,854
20 Aug 2024|29.90|30.00|29.70|29.93|29.93|3,735,096
19 Aug 2024|29.50|29.86|29.41|29.74|29.74|3,762,318
16 Aug 2024|29.51|29.69|29.37|29.59|29.59|5,745,301
15 Aug 2024|28.87|29.37|28.77|29.19|29.19|5,224,880
14 Aug 2024|28.85|29.25|28.66|28.73|28.73|6,301,482
13 Aug 2024|28.40|28.85|28.30|28.68|28.68|4,527,005
12 Aug 2024|28.22|28.33|28.15|28.22|28.22|2,149,024
09 Aug 2024|27.97|28.20|27.89|27.96|27.96|3,391,865
08 Aug 2024|27.32|27.83|27.25|27.65|27.65|4,746,928
07 Aug 2024|27.24|27.54|27.22|27.36|27.36|5,302,333
06 Aug 2024|27.40|27.75|27.30|27.30|27.30|6,060,259
05 Aug 2024|28.12|28.18|27.32|27.43|27.43|9,402,609
02 Aug 2024|28.88|29.05|28.50|28.71|28.71|6,409,643
01 Aug 2024|29.35|29.35|28.80|29.24|29.24|4,776,572
31 July 2024|28.62|29.08|28.60|29.05|29.05|5,505,120
30 July 2024|28.13|28.62|28.12|28.52|28.52|9,537,350
29 July 2024|29.36|29.45|28.82|28.82|28.82|5,417,618
26 July 2024|29.54|29.57|29.15|29.16|29.16|4,505,270
25 July 2024|29.25|29.41|29.23|29.32|29.32|5,123,889
24 July 2024|29.57|29.64|29.39|29.49|29.49|3,721,488
23 July 2024|29.69|29.85|29.52|29.71|29.71|3,653,169
22 July 2024|29.36|29.49|29.25|29.49|29.49|5,003,806
19 July 2024|29.79|29.80|29.39|29.71|29.71|5,354,810
18 July 2024|30.10|30.23|29.88|30.06|30.06|4,388,817
17 July 2024|29.86|30.10|29.82|29.97|29.97|4,564,079
16 July 2024|29.95|29.98|29.78|29.78|29.78|3,492,581
15 July 2024|29.70|29.91|29.63|29.83|29.83|3,417,727
12 July 2024|29.49|29.73|29.30|29.60|29.60|3,774,038
11 July 2024|29.90|29.93|29.27|29.34|29.34|5,867,595
10 July 2024|29.25|29.70|29.18|29.70|29.70|5,295,169
09 July 2024|28.92|29.29|28.90|29.29|29.29|6,110,053
08 July 2024|28.75|28.93|28.64|28.71|28.71|3,671,315
05 July 2024|28.46|28.67|28.39|28.65|28.65|3,185,570
04 July 2024|28.25|28.57|28.21|28.51|28.51|3,329,135
03 July 2024|28.42|28.53|28.13|28.15|28.15|3,467,784
02 July 2024|28.35|28.55|28.26|28.26|28.26|3,216,380
01 July 2024|28.10|28.46|28.02|28.45|28.45|3,623,144
28 June 2024|28.42|28.55|28.19|28.24|28.24|4,027,717
27 June 2024|28.05|28.29|27.90|28.29|28.29|4,354,220
26 June 2024|28.72|28.80|28.32|28.45|28.45|4,691,875
25 June 2024|28.80|28.98|28.71|28.82|28.82|4,337,255
24 June 2024|28.99|29.05|28.61|28.65|28.65|3,502,807
21 June 2024|29.18|29.22|28.91|28.94|28.94|10,061,951
20 June 2024|28.96|29.19|28.91|29.19|29.19|5,641,731
19 June 2024|29.24|29.29|29.03|29.13|29.13|3,802,915
18 June 2024|28.90|29.28|28.83|29.24|29.24|5,198,178
17 June 2024|28.64|28.89|28.60|28.80|28.80|2,493,560
14 June 2024|28.64|28.85|28.64|28.75|28.75|2,335,825
13 June 2024|28.91|29.05|28.74|28.77|28.77|4,707,971
12 June 2024|28.81|28.90|28.66|28.78|28.78|2,854,039
11 June 2024|28.93|29.04|28.66|28.91|28.91|5,732,765
07 June 2024|28.89|29.18|28.80|29.18|29.18|3,401,449
06 June 2024|28.96|29.13|28.84|29.06|29.06|5,331,059
05 June 2024|28.59|28.84|28.59|28.78|28.78|5,364,028
04 June 2024|28.58|28.68|28.48|28.59|28.59|3,296,399
03 June 2024|28.43|28.68|28.37|28.58|28.58|4,575,388
31 May 2024|28.16|28.25|27.92|28.25|28.25|11,633,343
30 May 2024|27.67|27.93|27.56|27.93|27.93|4,207,479
29 May 2024|28.30|28.36|27.86|27.87|27.87|5,095,675
28 May 2024|28.45|28.62|28.34|28.57|28.57|3,399,004
27 May 2024|28.38|28.54|28.24|28.43|28.43|3,253,622
24 May 2024|28.10|28.24|27.91|28.11|28.11|3,442,908
23 May 2024|28.41|28.50|28.18|28.38|28.38|3,640,055
22 May 2024|28.43|28.67|28.35|28.62|28.62|5,509,512
21 May 2024|28.15|28.40|28.10|28.31|28.31|6,250,470
20 May 2024|28.22|28.30|28.07|28.18|28.18|2,674,006
17 May 2024|28.08|28.26|27.99|28.13|28.13|4,283,457
16 May 2024|28.02|28.34|27.82|28.26|28.26|8,271,224
15 May 2024|28.00|28.13|27.60|27.68|27.68|5,310,037
14 May 2024|28.11|28.14|27.99|28.01|28.01|3,791,541
13 May 2024|28.03|28.26|27.87|28.21|28.21|7,259,377
13 May 2024|0.83Dividend
10 May 2024|28.94|29.21|28.87|29.09|28.26|6,947,337
09 May 2024|29.05|29.11|28.70|28.79|27.97|6,930,471
08 May 2024|28.93|29.23|28.86|29.12|28.29|10,751,256
07 May 2024|28.30|28.88|27.99|28.79|27.97|10,256,812
06 May 2024|28.80|28.91|28.59|28.77|27.95|4,061,179
03 May 2024|28.43|28.61|28.29|28.48|27.67|2,774,301
02 May 2024|28.20|28.63|28.09|28.23|27.42|4,190,758
01 May 2024|27.87|28.08|27.85|28.08|27.28|2,272,152
30 Apr 2024|27.97|28.17|27.96|28.16|27.36|2,814,971
29 Apr 2024|28.18|28.23|27.95|28.07|27.27|3,581,332
26 Apr 2024|28.10|28.19|27.96|27.99|27.19|4,498,002
24 Apr 2024|28.69|28.75|28.49|28.54|27.73|2,834,314
23 Apr 2024|28.55|28.60|28.31|28.47|27.66|2,708,990
22 Apr 2024|28.20|28.58|28.11|28.23|27.42|3,244,766
19 Apr 2024|28.38|28.46|27.87|28.25|27.44|6,585,621
18 Apr 2024|28.30|28.64|28.30|28.56|27.75|2,868,313
17 Apr 2024|28.42|28.63|28.37|28.37|27.56|2,698,652
16 Apr 2024|28.79|28.90|28.18|28.36|27.55|5,143,965
15 Apr 2024|28.70|29.00|28.70|29.00|28.17|4,257,408
12 Apr 2024|28.94|29.00|28.79|28.95|28.12|2,621,075
11 Apr 2024|28.88|29.12|28.88|28.96|28.13|3,966,431
10 Apr 2024|29.43|29.53|29.27|29.38|28.54|3,049,944
09 Apr 2024|29.36|29.44|29.26|29.41|28.57|2,791,456
08 Apr 2024|29.30|29.33|29.08|29.22|28.39|3,197,522
05 Apr 2024|29.00|29.15|28.88|29.14|28.31|3,688,589
04 Apr 2024|29.16|29.32|29.05|29.16|28.33|2,583,945
03 Apr 2024|29.39|29.45|28.74|28.94|28.11|5,386,559
02 Apr 2024|29.20|29.49|29.11|29.39|28.55|3,933,070
28 Mar 2024|29.35|29.40|29.12|29.40|28.56|5,705,923
27 Mar 2024|29.00|29.43|29.00|29.26|28.43|3,970,008
26 Mar 2024|29.05|29.19|28.93|29.06|28.23|3,166,633
25 Mar 2024|29.15|29.36|29.09|29.15|28.32|2,824,462
22 Mar 2024|29.11|29.15|28.81|29.04|28.21|8,020,839
21 Mar 2024|28.90|29.10|28.78|29.01|28.18|7,186,597
20 Mar 2024|28.78|29.09|28.69|28.69|27.87|4,796,330
19 Mar 2024|28.89|28.99|28.65|28.80|27.98|3,632,611
18 Mar 2024|28.69|28.87|28.56|28.86|28.04|3,078,718
15 Mar 2024|28.39|28.69|27.95|28.69|27.87|13,225,901
14 Mar 2024|29.70|29.70|28.61|28.68|27.86|6,443,874
13 Mar 2024|29.50|29.82|29.35|29.80|28.95|5,301,653
12 Mar 2024|29.41|29.68|29.22|29.30|28.46|5,782,592
11 Mar 2024|29.65|29.70|29.10|29.24|28.41|4,529,349
08 Mar 2024|29.35|29.90|29.33|29.81|28.96|5,844,907
07 Mar 2024|28.90|29.30|28.89|29.30|28.46|4,995,185
06 Mar 2024|28.80|29.02|28.75|29.02|28.19|4,287,829
05 Mar 2024|28.81|28.86|28.63|28.73|27.91|3,624,071
04 Mar 2024|28.80|28.91|28.64|28.81|27.99|3,317,012
01 Mar 2024|28.44|28.75|28.35|28.75|27.93|3,981,819
29 Feb 2024|28.43|28.48|28.26|28.45|27.64|10,061,776
28 Feb 2024|28.45|28.55|28.35|28.48|27.67|3,056,060
27 Feb 2024|28.40|28.53|28.31|28.51|27.70|3,773,640
26 Feb 2024|28.30|28.44|28.21|28.37|27.56|3,932,624
23 Feb 2024|28.15|28.30|28.12|28.29|27.48|4,306,990
22 Feb 2024|28.08|28.09|27.85|28.02|27.22|3,577,697
21 Feb 2024|27.84|28.32|27.82|28.10|27.30|8,582,817
20 Feb 2024|28.11|28.16|27.39|27.88|27.08|9,574,098
19 Feb 2024|28.31|28.52|28.12|28.50|27.69|3,114,656
16 Feb 2024|28.40|28.47|28.25|28.42|27.61|6,150,419
15 Feb 2024|27.70|28.22|27.70|28.22|27.41|5,012,057
14 Feb 2024|27.83|27.92|27.51|27.81|27.02|4,239,458
13 Feb 2024|28.16|28.45|28.14|28.21|27.41|4,174,610
12 Feb 2024|27.65|28.12|27.63|28.04|27.24|5,218,838
09 Feb 2024|27.58|27.81|27.57|27.68|26.89|5,366,300
08 Feb 2024|27.62|27.67|27.42|27.65|26.86|3,541,698
07 Feb 2024|27.50|27.63|27.37|27.42|26.64|4,487,975
06 Feb 2024|27.10|27.43|26.99|27.43|26.65|7,564,926
05 Feb 2024|27.12|27.22|26.90|27.21|26.43|3,574,592
02 Feb 2024|27.09|27.26|26.92|27.26|26.48|5,939,361
01 Feb 2024|27.09|27.13|26.88|26.92|26.15|4,355,192
31 Jan 2024|26.78|27.22|26.70|27.20|26.42|7,491,526
30 Jan 2024|26.86|26.99|26.71|26.79|26.03|3,661,988
29 Jan 2024|26.75|26.90|26.68|26.85|26.08|3,789,593
25 Jan 2024|26.78|26.78|26.47|26.67|25.91|4,904,986
24 Jan 2024|26.67|26.69|26.47|26.59|25.83|3,636,167
23 Jan 2024|26.59|26.75|26.52|26.62|25.86|5,436,503
22 Jan 2024|26.25|26.58|26.20|26.50|25.74|5,926,229
19 Jan 2024|26.00|26.13|25.90|26.13|25.38|7,165,800
18 Jan 2024|25.43|25.91|25.42|25.79|25.05|4,565,181
17 Jan 2024|25.74|25.90|25.62|25.76|25.03|4,723,302
16 Jan 2024|25.80|25.90|25.63|25.74|25.01|3,129,336
15 Jan 2024|25.94|25.98|25.85|25.91|25.17|643,017
12 Jan 2024|25.86|25.98|25.79|25.90|25.16|3,220,112
11 Jan 2024|26.07|26.09|25.92|26.06|25.32|5,852,075
10 Jan 2024|25.77|25.92|25.70|25.83|25.09|3,670,140
09 Jan 2024|25.88|25.95|25.80|25.89|25.15|3,545,012
08 Jan 2024|25.65|25.80|25.57|25.66|24.93|2,852,929
05 Jan 2024|25.49|25.67|25.49|25.62|24.89|3,222,837
04 Jan 2024|25.76|25.77|25.42|25.54|24.81|5,581,790
03 Jan 2024|25.86|25.90|25.67|25.74|25.01|4,735,764
02 Jan 2024|25.87|26.08|25.85|25.99|25.25|3,802,091
29 Dec 2023|25.89|25.92|25.80|25.92|25.18|3,572,567
28 Dec 2023|25.87|25.98|25.80|25.98|25.24|4,116,150
27 Dec 2023|25.90|26.05|25.82|25.82|25.08|3,699,487
22 Dec 2023|25.79|25.83|25.71|25.80|25.06|6,448,342
21 Dec 2023|25.75|25.90|25.61|25.83|25.09|6,596,341
20 Dec 2023|25.74|25.84|25.66|25.81|25.07|7,524,813
19 Dec 2023|25.47|25.77|25.43|25.63|24.90|5,917,652
18 Dec 2023|25.38|25.55|25.36|25.53|24.80|4,111,192
15 Dec 2023|25.43|25.73|25.38|25.54|24.81|17,858,099
14 Dec 2023|25.12|25.30|25.10|25.24|24.52|9,089,967
13 Dec 2023|24.88|24.99|24.81|24.99|24.28|5,238,541
12 Dec 2023|24.60|24.85|24.57|24.80|24.09|5,220,842
11 Dec 2023|24.55|24.77|24.55|24.61|23.91|4,299,138
08 Dec 2023|24.50|24.61|24.35|24.61|23.91|5,417,882
07 Dec 2023|24.54|24.65|24.52|24.60|23.90|4,942,431
06 Dec 2023|24.52|24.75|24.44|24.70|24.00|9,155,419
05 Dec 2023|24.50|24.52|24.23|24.39|23.69|6,282,666
04 Dec 2023|24.54|24.66|24.39|24.45|23.75|5,711,089
01 Dec 2023|24.27|24.46|24.22|24.43|23.73|3,665,066
30 Nov 2023|24.24|24.45|24.19|24.37|23.67|11,789,106
29 Nov 2023|24.35|24.45|24.15|24.18|23.49|5,179,347
28 Nov 2023|24.26|24.45|24.21|24.36|23.66|4,393,354
27 Nov 2023|24.30|24.49|24.11|24.13|23.44|4,624,337
24 Nov 2023|24.24|24.45|24.24|24.40|23.70|2,753,513
23 Nov 2023|24.21|24.39|24.21|24.31|23.62|4,535,349
22 Nov 2023|24.20|24.47|24.12|24.34|23.65|5,777,906
21 Nov 2023|24.31|24.40|24.17|24.29|23.60|5,205,705
20 Nov 2023|24.12|24.30|24.10|24.25|23.56|7,152,762
17 Nov 2023|24.26|24.29|23.90|24.07|23.38|8,418,099
16 Nov 2023|24.24|24.38|24.11|24.19|23.50|10,278,846
16 Nov 2023|0.94Dividend
15 Nov 2023|25.00|25.11|24.89|25.01|23.38|11,380,410
14 Nov 2023|24.80|24.92|24.64|24.76|23.15|12,050,362
13 Nov 2023|24.75|24.87|24.46|24.70|23.09|16,125,227
10 Nov 2023|25.71|25.73|25.47|25.47|23.81|6,727,579
09 Nov 2023|25.82|25.99|25.68|25.81|24.13|7,733,738
08 Nov 2023|25.65|25.76|25.47|25.56|23.90|4,503,410
07 Nov 2023|25.87|25.89|25.32|25.47|23.81|5,142,223
06 Nov 2023|25.65|26.00|25.64|25.74|24.07|6,055,444
03 Nov 2023|25.73|25.75|25.56|25.60|23.93|5,813,929
02 Nov 2023|25.27|25.54|25.23|25.37|23.72|7,595,387
01 Nov 2023|24.83|24.89|24.60|24.87|23.25|6,177,937
31 Oct 2023|24.79|24.86|24.60|24.71|23.10|6,962,163
30 Oct 2023|24.63|24.69|24.34|24.55|22.95|4,380,637
27 Oct 2023|24.90|24.99|24.83|24.85|23.23|4,059,155
26 Oct 2023|24.68|24.84|24.57|24.79|23.18|6,270,849
25 Oct 2023|25.33|25.37|24.78|24.85|23.23|7,440,801
24 Oct 2023|25.32|25.45|25.15|25.18|23.54|5,315,177
23 Oct 2023|25.12|25.25|25.07|25.22|23.58|2,767,328
20 Oct 2023|25.43|25.45|25.15|25.27|23.63|6,903,805
19 Oct 2023|25.52|25.73|25.39|25.63|23.96|7,506,298
18 Oct 2023|25.80|25.92|25.68|25.82|24.14|4,955,391
17 Oct 2023|25.93|25.97|25.69|25.76|24.08|3,907,724
16 Oct 2023|25.59|25.64|25.50|25.55|23.89|2,843,045
13 Oct 2023|25.64|25.80|25.58|25.71|24.04|3,171,692
12 Oct 2023|25.81|26.08|25.71|25.86|24.18|6,937,209
11 Oct 2023|25.38|25.73|25.37|25.65|23.98|4,634,010
10 Oct 2023|25.51|25.76|25.45|25.57|23.91|6,896,041
09 Oct 2023|25.33|25.58|25.26|25.43|23.78|4,323,610
06 Oct 2023|25.22|25.49|25.15|25.32|23.67|3,779,583
05 Oct 2023|24.89|25.21|24.83|25.09|23.46|5,820,577
04 Oct 2023|25.12|25.29|24.85|24.92|23.30|7,263,913
03 Oct 2023|25.14|25.48|24.91|25.41|23.76|6,499,823
02 Oct 2023|25.55|25.59|25.34|25.49|23.83|3,812,740
29 Sept 2023|25.63|25.78|25.46|25.66|23.99|7,360,847
28 Sept 2023|25.40|25.63|25.26|25.48|23.82|6,349,592
27 Sept 2023|25.03|25.36|25.01|25.20|23.56|5,791,973
26 Sept 2023|25.08|25.21|24.89|25.09|23.46|3,916,242
25 Sept 2023|25.02|25.05|24.72|24.98|23.36|3,289,348
22 Sept 2023|24.67|25.04|24.50|25.03|23.40|8,133,452
21 Sept 2023|25.33|25.43|24.96|25.05|23.42|8,174,383
20 Sept 2023|25.34|25.57|25.34|25.54|23.88|6,197,248
19 Sept 2023|25.70|25.71|25.35|25.51|23.85|5,031,000
18 Sept 2023|25.62|25.80|25.41|25.75|24.08|4,099,554
15 Sept 2023|25.80|25.90|25.62|25.70|24.03|8,248,391
14 Sept 2023|25.28|25.69|25.25|25.60|23.93|6,702,326
13 Sept 2023|25.37|25.43|25.23|25.33|23.68|4,672,613
12 Sept 2023|25.37|25.38|25.03|25.27|23.63|3,410,329
11 Sept 2023|25.12|25.30|25.00|25.28|23.64|4,536,890
08 Sept 2023|24.93|25.04|24.76|24.93|23.31|3,217,890
07 Sept 2023|24.98|25.00|24.65|24.87|23.25|5,294,875
06 Sept 2023|25.28|25.38|24.95|25.06|23.43|4,120,990
05 Sept 2023|25.17|25.23|25.06|25.20|23.56|3,116,039
04 Sept 2023|25.26|25.31|25.08|25.19|23.55|3,909,845
01 Sept 2023|25.18|25.20|25.03|25.17|23.53|4,202,013
31 Aug 2023|25.00|25.33|24.99|25.33|23.68|9,716,418
30 Aug 2023|24.90|25.27|24.88|25.04|23.41|5,728,654
29 Aug 2023|24.65|24.81|24.58|24.80|23.19|4,167,269
28 Aug 2023|24.37|24.64|24.32|24.58|22.98|3,599,348
25 Aug 2023|24.42|24.55|24.28|24.34|22.76|6,843,707
24 Aug 2023|24.47|24.67|24.43|24.56|22.96|4,984,270
23 Aug 2023|24.20|24.57|24.20|24.45|22.86|5,582,624
22 Aug 2023|24.11|24.30|24.07|24.30|22.72|5,630,233
21 Aug 2023|24.45|24.49|24.19|24.24|22.66|4,917,674
18 Aug 2023|24.52|24.66|24.40|24.49|22.90|6,447,551
17 Aug 2023|24.68|24.76|24.48|24.59|22.99|6,388,821
16 Aug 2023|24.80|24.90|24.59|24.82|23.21|6,719,696
15 Aug 2023|25.13|25.27|25.02|25.08|23.45|4,136,824
14 Aug 2023|25.29|25.31|25.04|25.13|23.50|3,438,343
11 Aug 2023|25.35|25.48|25.22|25.35|23.70|2,979,224
10 Aug 2023|25.50|25.55|25.25|25.40|23.75|4,656,220
09 Aug 2023|25.15|25.50|25.15|25.43|23.78|5,457,353
08 Aug 2023|25.45|25.63|25.24|25.24|23.60|7,227,519
07 Aug 2023|25.31|25.35|25.18|25.30|23.65|6,175,025
04 Aug 2023|25.51|25.67|25.25|25.45|23.79|10,933,308
03 Aug 2023|25.32|25.38|25.02|25.26|23.62|5,352,227
02 Aug 2023|25.79|25.79|25.24|25.35|23.70|6,316,872
01 Aug 2023|25.65|25.93|25.55|25.88|24.20|5,219,954
31 July 2023|25.85|25.88|25.60|25.75|24.08|5,403,435
28 July 2023|25.51|25.84|25.41|25.76|24.08|4,814,363
27 July 2023|25.44|25.88|25.40|25.78|24.10|8,097,908
26 July 2023|25.14|25.55|25.13|25.46|23.80|6,139,086
25 July 2023|25.20|25.25|24.90|25.06|23.43|5,636,486
24 July 2023|25.17|25.24|25.01|25.12|23.49|8,086,163
21 July 2023|25.35|25.39|25.10|25.16|23.52|8,552,037
20 July 2023|25.50|25.65|25.15|25.35|23.70|10,880,325
19 July 2023|25.25|25.46|25.16|25.46|23.80|12,708,352
18 July 2023|24.58|25.04|24.57|24.95|23.33|7,991,644
17 July 2023|24.43|24.54|24.38|24.54|22.94|5,450,519
14 July 2023|24.49|24.50|24.29|24.44|22.85|7,722,995
13 July 2023|24.24|24.40|24.11|24.36|22.78|8,382,994
12 July 2023|24.00|24.03|23.83|24.02|22.46|5,839,578
11 July 2023|23.50|23.80|23.43|23.80|22.25|6,663,559
10 July 2023|23.43|23.50|23.22|23.26|21.75|3,404,611
07 July 2023|23.25|23.42|23.14|23.28|21.77|5,290,296
06 July 2023|23.90|23.90|23.46|23.53|22.00|6,262,077
05 July 2023|24.11|24.18|23.84|23.99|22.43|5,154,372
04 July 2023|23.92|24.20|23.79|24.19|22.62|6,425,250
03 July 2023|23.80|23.91|23.65|23.91|22.35|6,281,382
30 June 2023|23.79|23.83|23.53|23.71|22.17|6,228,110
29 June 2023|23.65|23.94|23.50|23.71|22.17|12,077,839
28 June 2023|23.33|23.53|23.20|23.43|21.91|6,893,186
27 June 2023|22.97|23.19|22.84|23.12|21.62|6,676,631
26 June 2023|22.86|22.87|22.64|22.77|21.29|5,959,668
23 June 2023|23.10|23.30|22.71|22.82|21.34|7,860,012
22 June 2023|23.66|23.69|23.27|23.30|21.78|6,854,496
21 June 2023|23.85|23.85|23.65|23.68|22.14|6,560,437
20 June 2023|23.63|23.88|23.46|23.80|22.25|6,141,663
19 June 2023|23.30|23.70|23.27|23.62|22.08|7,826,196
16 June 2023|23.19|23.29|23.01|23.28|21.77|15,919,390
15 June 2023|22.85|23.28|22.83|23.13|21.63|8,747,457
14 June 2023|22.94|23.20|22.92|22.92|21.43|10,741,996
13 June 2023|22.85|22.94|22.70|22.93|21.44|6,336,612
09 June 2023|22.72|22.91|22.71|22.85|21.36|5,068,317
08 June 2023|22.78|22.84|22.61|22.68|21.20|5,606,375
07 June 2023|22.94|22.97|22.64|22.73|21.25|7,295,666
06 June 2023|22.85|23.03|22.74|22.74|21.26|8,037,034
05 June 2023|22.95|23.27|22.90|23.12|21.62|6,898,977
02 June 2023|22.84|22.87|22.58|22.77|21.29|9,769,945
01 June 2023|22.78|23.06|22.72|22.73|21.25|9,578,944
31 May 2023|23.31|23.39|22.92|22.92|21.43|15,186,594
30 May 2023|23.70|23.77|23.31|23.41|21.89|8,233,376
29 May 2023|23.82|23.86|23.67|23.74|22.20|5,055,492
26 May 2023|23.35|23.57|23.34|23.47|21.94|4,736,386
25 May 2023|23.75|23.85|23.32|23.35|21.83|9,490,453
24 May 2023|23.86|23.97|23.70|23.96|22.40|4,929,047
23 May 2023|23.73|24.03|23.66|23.97|22.41|6,456,745
22 May 2023|24.05|24.12|23.73|23.79|22.24|7,419,247
19 May 2023|23.76|24.03|23.67|23.97|22.41|6,486,449
18 May 2023|23.86|23.87|23.60|23.64|22.10|6,114,437
17 May 2023|23.47|23.65|23.18|23.58|22.05|7,764,067
16 May 2023|23.50|23.72|23.47|23.54|22.01|7,617,987
15 May 2023|23.72|23.74|23.40|23.53|22.00|9,060,251
15 May 2023|0.81Dividend
12 May 2023|24.37|24.57|24.27|24.50|22.15|11,459,053
11 May 2023|23.96|24.32|23.96|24.31|21.98|9,927,289
10 May 2023|23.87|24.12|23.77|24.11|21.80|10,920,322
09 May 2023|23.83|24.00|23.53|24.00|21.70|8,994,251
08 May 2023|23.94|24.05|23.66|23.83|21.54|9,874,544
05 May 2023|23.23|23.95|22.88|23.80|21.52|11,274,345
04 May 2023|23.38|23.75|22.88|23.46|21.21|9,694,166
03 May 2023|24.18|24.26|23.85|24.03|21.72|8,283,584
02 May 2023|24.46|24.59|24.29|24.42|22.08|6,512,383
01 May 2023|24.50|24.63|24.25|24.52|22.17|4,869,831
28 Apr 2023|24.26|24.49|24.24|24.35|22.01|7,190,566
27 Apr 2023|24.32|24.34|24.04|24.12|21.81|4,883,863
26 Apr 2023|24.11|24.32|24.11|24.21|21.89|5,076,993
24 Apr 2023|24.50|24.50|24.19|24.22|21.90|4,028,958
21 Apr 2023|24.25|24.35|24.03|24.33|22.00|6,408,635
20 Apr 2023|24.20|24.59|24.11|24.46|22.11|8,096,340
19 Apr 2023|24.15|24.23|24.07|24.14|21.82|3,618,176
18 Apr 2023|24.16|24.22|24.04|24.20|21.88|4,687,301
17 Apr 2023|24.24|24.49|24.15|24.21|21.89|5,528,278
14 Apr 2023|23.84|24.00|23.62|23.98|21.68|4,815,913
13 Apr 2023|23.54|23.82|23.50|23.77|21.49|5,780,048
12 Apr 2023|23.61|23.74|23.47|23.61|21.34|5,892,512
11 Apr 2023|23.40|23.65|23.29|23.56|21.30|7,101,043
06 Apr 2023|23.33|23.43|23.06|23.19|20.96|5,225,771
05 Apr 2023|23.14|23.44|23.13|23.30|21.06|5,864,221
04 Apr 2023|23.29|23.52|23.09|23.27|21.04|6,306,888
03 Apr 2023|23.05|23.47|23.05|23.22|20.99|6,843,044
31 Mar 2023|23.00|23.07|22.85|22.93|20.73|6,450,420
30 Mar 2023|22.96|22.98|22.78|22.87|20.68|7,231,103
29 Mar 2023|22.49|22.69|22.39|22.66|20.49|7,547,588
28 Mar 2023|22.74|22.81|22.51|22.64|20.47|8,587,968
27 Mar 2023|22.79|22.79|22.41|22.44|20.29|5,910,312
24 Mar 2023|22.54|22.69|22.51|22.52|20.36|7,165,370
23 Mar 2023|22.59|22.82|22.59|22.76|20.58|6,384,791
22 Mar 2023|23.20|23.21|22.85|22.85|20.66|8,309,593
21 Mar 2023|22.76|22.92|22.66|22.75|20.57|5,038,399
20 Mar 2023|22.59|22.88|22.39|22.49|20.33|7,262,701
17 Mar 2023|22.94|23.06|22.72|22.81|20.62|11,855,972
16 Mar 2023|22.69|23.03|22.68|22.72|20.54|17,032,842
15 Mar 2023|23.35|23.54|23.10|23.29|21.06|8,555,278
14 Mar 2023|23.08|23.18|22.73|23.04|20.83|16,025,869
13 Mar 2023|23.74|24.03|23.38|23.39|21.15|7,989,835
10 Mar 2023|24.04|24.05|23.60|23.85|21.56|9,066,818
09 Mar 2023|24.51|24.57|24.35|24.49|22.14|5,010,288
08 Mar 2023|24.30|24.49|24.16|24.33|22.00|5,228,711
07 Mar 2023|24.21|24.53|24.21|24.50|22.15|4,992,541
06 Mar 2023|24.10|24.38|23.99|24.20|21.88|4,987,715
03 Mar 2023|23.87|24.02|23.67|23.85|21.56|6,128,476
02 Mar 2023|24.37|24.38|23.62|23.71|21.43|9,458,591
01 Mar 2023|24.57|24.65|24.27|24.37|22.03|7,162,550
28 Feb 2023|24.91|24.98|24.65|24.65|22.28|8,843,826
27 Feb 2023|24.71|24.88|24.64|24.83|22.45|3,659,096
24 Feb 2023|24.79|24.98|24.72|24.79|22.41|3,874,936
23 Feb 2023|24.75|24.94|24.71|24.76|22.38|4,667,149
22 Feb 2023|24.59|24.93|24.51|24.93|22.54|5,333,918
21 Feb 2023|24.59|24.68|24.42|24.62|22.26|4,449,170
20 Feb 2023|24.75|24.82|24.56|24.74|22.37|3,858,475
17 Feb 2023|24.85|24.90|24.67|24.67|22.30|8,124,780
16 Feb 2023|25.04|25.10|24.61|24.92|22.53|7,469,339
15 Feb 2023|25.46|25.55|24.70|24.78|22.40|10,466,176
14 Feb 2023|25.95|25.99|25.67|25.75|23.28|5,342,880
13 Feb 2023|25.82|25.83|25.61|25.70|23.23|4,642,045
10 Feb 2023|25.93|25.96|25.68|25.71|23.24|5,202,954
09 Feb 2023|25.76|26.08|25.70|25.92|23.43|5,992,976
08 Feb 2023|25.75|25.98|25.72|25.79|23.32|5,268,818
07 Feb 2023|25.61|25.94|25.50|25.66|23.20|5,114,523
06 Feb 2023|25.69|25.76|25.42|25.58|23.13|4,084,531
03 Feb 2023|25.37|25.75|25.25|25.75|23.28|7,500,631
02 Feb 2023|25.48|25.48|25.13|25.16|22.75|8,925,918
01 Feb 2023|25.15|25.48|25.06|25.28|22.85|6,445,305
31 Jan 2023|24.95|25.15|24.85|25.09|22.68|5,188,371
30 Jan 2023|25.00|25.17|25.00|25.03|22.63|5,583,377
27 Jan 2023|24.65|24.99|24.64|24.98|22.58|5,809,829
25 Jan 2023|24.66|24.82|24.50|24.60|22.24|5,646,386
24 Jan 2023|24.86|24.90|24.54|24.62|22.26|6,108,219
23 Jan 2023|24.88|25.00|24.76|24.92|22.53|4,879,259
20 Jan 2023|24.88|24.96|24.71|24.75|22.38|6,809,967
19 Jan 2023|24.86|24.99|24.74|24.88|22.49|4,509,189
18 Jan 2023|24.89|24.97|24.73|24.79|22.41|4,581,047
17 Jan 2023|24.80|25.13|24.72|24.91|22.52|5,138,012
16 Jan 2023|24.70|24.91|24.60|24.89|22.50|5,582,960
13 Jan 2023|24.25|24.65|24.25|24.49|22.14|5,787,421
12 Jan 2023|24.02|24.40|23.94|24.25|21.92|6,983,730
11 Jan 2023|23.75|24.01|23.67|24.01|21.71|4,602,176
10 Jan 2023|23.69|23.90|23.63|23.72|21.44|3,815,220
09 Jan 2023|23.75|24.03|23.71|23.72|21.44|4,216,446
06 Jan 2023|23.60|23.78|23.54|23.67|21.40|3,758,459
05 Jan 2023|23.63|23.96|23.53|23.62|21.35|5,036,563
04 Jan 2023|23.21|23.83|23.00|23.63|21.36|5,384,865
03 Jan 2023|23.60|23.72|22.82|23.01|20.80|4,630,823
30 Dec 2022|23.67|23.87|23.58|23.66|21.39|3,194,155
29 Dec 2022|23.77|23.77|23.45|23.60|21.34|2,202,102
28 Dec 2022|24.05|24.07|23.64|23.69|21.42|2,669,191
23 Dec 2022|23.90|24.07|23.77|24.07|21.76|1,701,554
22 Dec 2022|24.27|24.33|24.01|24.01|21.71|1,977,415
21 Dec 2022|24.07|24.17|23.89|24.11|21.80|2,403,244
20 Dec 2022|23.65|23.88|23.65|23.79|21.51|3,624,320
19 Dec 2022|23.55|23.80|23.54|23.72|21.44|3,472,101
16 Dec 2022|23.72|23.78|23.52|23.62|21.35|11,957,917
15 Dec 2022|23.95|24.11|23.84|23.90|21.61|4,689,975
14 Dec 2022|24.10|24.19|23.80|24.01|21.71|5,252,134
13 Dec 2022|23.83|24.10|23.78|24.10|21.79|7,661,494
12 Dec 2022|23.50|23.63|23.45|23.54|21.28|4,788,368
09 Dec 2022|23.64|23.76|23.55|23.64|21.37|4,268,425
08 Dec 2022|24.00|24.11|23.55|23.59|21.33|6,959,095
07 Dec 2022|24.11|24.18|23.87|24.03|21.72|8,431,806
06 Dec 2022|24.51|24.70|24.35|24.38|22.04|6,021,451
05 Dec 2022|24.73|24.78|24.51|24.57|22.21|3,789,761
02 Dec 2022|24.74|24.87|24.58|24.65|22.28|5,514,976
01 Dec 2022|24.80|25.08|24.75|24.95|22.56|4,040,623
30 Nov 2022|24.78|24.99|24.63|24.74|22.37|13,385,097
29 Nov 2022|24.83|24.91|24.61|24.91|22.52|4,247,960
28 Nov 2022|24.77|24.87|24.67|24.72|22.35|3,292,000
25 Nov 2022|24.72|24.84|24.70|24.82|22.44|3,066,674
24 Nov 2022|24.80|24.83|24.65|24.65|22.28|3,749,640
23 Nov 2022|24.86|24.88|24.72|24.73|22.36|3,699,674
22 Nov 2022|24.76|24.86|24.67|24.67|22.30|4,441,949
21 Nov 2022|24.71|24.83|24.60|24.76|22.38|5,159,029
18 Nov 2022|24.39|24.68|24.36|24.50|22.15|4,151,613
17 Nov 2022|24.46|24.48|24.26|24.31|21.98|5,438,380
16 Nov 2022|24.28|24.30|23.92|24.16|21.84|6,568,481
15 Nov 2022|24.11|24.46|24.06|24.23|21.90|5,397,903
14 Nov 2022|24.64|24.66|24.02|24.27|21.94|6,563,991
11 Nov 2022|24.80|24.87|24.50|24.64|22.28|9,172,494
10 Nov 2022|24.50|24.58|24.26|24.28|21.95|6,026,578
09 Nov 2022|24.34|24.62|24.29|24.55|22.19|6,247,389
08 Nov 2022|24.33|24.55|24.31|24.40|22.06|6,140,468
07 Nov 2022|24.90|24.95|24.28|24.33|22.00|9,530,875
07 Nov 2022|0.74Dividend
04 Nov 2022|25.66|25.70|25.41|25.50|22.38|7,764,322
03 Nov 2022|25.76|25.78|25.55|25.68|22.54|4,765,323
02 Nov 2022|25.91|26.02|25.76|25.98|22.81|5,999,051
01 Nov 2022|25.56|25.96|25.43|25.96|22.79|5,810,647
31 Oct 2022|25.55|25.67|25.38|25.56|22.44|6,455,556
28 Oct 2022|24.97|25.28|24.88|25.21|22.13|7,009,799
27 Oct 2022|26.00|26.01|24.16|24.99|21.94|17,653,265
26 Oct 2022|25.78|25.94|25.74|25.84|22.68|5,464,089
25 Oct 2022|25.75|25.87|25.63|25.70|22.56|4,807,695
24 Oct 2022|25.90|25.90|25.51|25.59|22.46|4,522,729
21 Oct 2022|25.70|25.71|25.29|25.55|22.43|8,435,077
20 Oct 2022|25.62|25.92|25.51|25.83|22.67|6,749,773
19 Oct 2022|25.72|25.94|25.68|25.83|22.67|5,044,017
18 Oct 2022|25.75|25.82|25.59|25.65|22.52|6,153,767
17 Oct 2022|25.11|25.41|25.05|25.41|22.31|5,574,246
14 Oct 2022|25.72|25.75|25.36|25.36|22.26|6,139,311
13 Oct 2022|24.89|25.50|24.80|25.27|22.18|14,174,835
12 Oct 2022|23.96|24.84|23.95|24.75|21.73|9,507,270
11 Oct 2022|24.13|24.15|23.89|23.95|21.02|4,467,437
10 Oct 2022|24.06|24.12|23.76|23.90|20.98|6,546,412
07 Oct 2022|24.23|24.41|24.17|24.29|21.32|3,922,583
06 Oct 2022|24.27|24.54|24.20|24.39|21.41|5,552,397
05 Oct 2022|24.33|24.68|24.28|24.50|21.51|9,207,624
04 Oct 2022|23.10|23.95|23.04|23.90|20.98|8,233,333
03 Oct 2022|23.00|23.03|22.60|22.77|19.99|3,756,086
30 Sept 2022|23.43|23.45|22.71|22.80|20.01|9,170,178
29 Sept 2022|23.28|23.53|23.23|23.37|20.51|5,146,580
28 Sept 2022|22.99|23.17|22.90|23.05|20.23|6,821,063
27 Sept 2022|23.18|23.20|22.92|23.15|20.32|6,947,898
26 Sept 2022|23.10|23.21|22.95|23.04|20.22|7,381,080
23 Sept 2022|23.43|23.53|23.21|23.38|20.52|6,976,568
21 Sept 2022|23.65|23.69|23.50|23.60|20.72|5,507,087
20 Sept 2022|23.86|23.96|23.73|23.84|20.93|6,243,698
19 Sept 2022|23.46|23.65|23.36|23.56|20.68|4,867,911
16 Sept 2022|23.61|23.82|23.39|23.55|20.67|17,825,289
15 Sept 2022|23.13|23.74|22.98|23.74|20.84|11,898,343
14 Sept 2022|23.20|23.20|22.88|22.95|20.15|7,307,915
13 Sept 2022|23.50|23.59|23.40|23.48|20.61|5,708,633
12 Sept 2022|23.32|23.48|23.19|23.33|20.48|4,151,902
09 Sept 2022|23.05|23.43|22.94|23.02|20.21|8,231,927
08 Sept 2022|22.46|22.94|22.44|22.90|20.10|6,487,083
07 Sept 2022|22.69|22.78|22.21|22.28|19.56|6,651,865
06 Sept 2022|22.60|22.74|22.52|22.59|19.83|4,431,867
05 Sept 2022|22.82|22.82|22.54|22.63|19.86|3,481,849
02 Sept 2022|22.55|22.84|22.51|22.75|19.97|4,314,514
01 Sept 2022|22.53|22.72|22.33|22.64|19.87|6,468,200
31 Aug 2022|22.56|22.87|22.42|22.83|20.04|8,848,061
30 Aug 2022|22.51|22.76|22.49|22.57|19.81|4,641,152
29 Aug 2022|22.48|22.59|22.25|22.44|19.70|5,463,481
26 Aug 2022|22.87|23.14|22.80|22.96|20.15|4,767,145
25 Aug 2022|22.79|22.90|22.71|22.86|20.07|4,920,660
24 Aug 2022|22.46|22.83|22.46|22.81|20.02|8,602,395
23 Aug 2022|22.64|22.64|22.39|22.45|19.71|7,354,537
22 Aug 2022|23.00|23.05|22.83|22.84|20.05|6,144,588
19 Aug 2022|23.35|23.38|22.93|23.10|20.28|12,048,214
18 Aug 2022|23.78|23.90|23.53|23.58|20.70|6,744,098
17 Aug 2022|23.90|23.98|23.82|23.87|20.95|4,286,361
16 Aug 2022|24.21|24.28|23.79|23.83|20.92|6,571,936
15 Aug 2022|24.05|24.18|23.88|24.03|21.09|5,777,730
12 Aug 2022|23.98|24.11|23.82|24.02|21.08|7,882,424
11 Aug 2022|23.70|23.90|23.54|23.90|20.98|7,898,109
10 Aug 2022|22.90|23.59|22.81|23.46|20.59|10,056,014
09 Aug 2022|22.85|23.00|22.61|22.70|19.93|7,216,724
08 Aug 2022|22.71|22.98|22.70|22.91|20.11|4,919,176
05 Aug 2022|22.83|22.95|22.73|22.95|20.15|4,235,913
04 Aug 2022|22.63|22.93|22.63|22.78|20.00|6,167,647
03 Aug 2022|22.59|22.77|22.46|22.71|19.94|5,322,088
02 Aug 2022|22.44|22.86|22.41|22.81|20.02|6,999,769
01 Aug 2022|22.80|22.80|22.42|22.74|19.96|7,611,230
29 July 2022|22.80|22.98|22.73|22.90|20.10|7,594,137
28 July 2022|22.75|22.92|22.58|22.70|19.93|4,857,205
27 July 2022|22.50|22.83|22.37|22.73|19.95|4,600,785
26 July 2022|22.81|23.02|22.64|22.64|19.87|6,230,924
25 July 2022|22.59|22.64|22.45|22.62|19.86|6,321,893
22 July 2022|21.85|22.74|21.80|22.59|19.83|14,715,017
21 July 2022|22.32|22.34|21.27|21.93|19.25|17,547,203
20 July 2022|21.47|21.47|21.47|21.47|18.85|-
19 July 2022|21.47|21.47|21.47|21.47|18.85|-
18 July 2022|21.47|21.47|21.47|21.47|18.85|-
15 July 2022|21.66|21.77|21.21|21.47|18.85|8,108,109
14 July 2022|22.13|22.19|21.76|21.76|19.10|8,186,850
13 July 2022|22.65|22.67|22.17|22.25|19.53|8,558,020
12 July 2022|22.70|22.70|22.30|22.52|19.77|5,581,162
11 July 2022|22.59|22.65|22.26|22.41|19.67|3,493,636
08 July 2022|22.74|22.86|22.46|22.52|19.77|3,374,533
07 July 2022|22.31|22.62|22.19|22.62|19.86|6,630,286
06 July 2022|21.93|22.33|21.86|22.22|19.51|5,505,996
05 July 2022|22.12|22.19|21.80|22.02|19.33|5,392,468
04 July 2022|22.05|22.36|22.03|22.10|19.40|4,923,013
01 July 2022|22.02|22.18|21.83|21.83|19.16|4,625,427
30 June 2022|22.25|22.33|21.86|21.86|19.19|6,806,742
29 June 2022|22.22|22.50|22.11|22.45|19.71|7,606,879
28 June 2022|22.30|22.39|21.95|22.24|19.52|5,668,158
27 June 2022|22.20|22.48|22.15|22.39|19.66|5,660,535
24 June 2022|21.82|21.88|21.58|21.74|19.08|5,057,461
23 June 2022|21.72|22.07|21.70|21.90|19.22|5,551,445
22 June 2022|22.05|22.06|21.61|21.66|19.01|6,412,396
21 June 2022|21.58|21.87|21.42|21.78|19.12|5,450,051
20 June 2022|21.11|21.39|21.11|21.22|18.63|5,539,826
17 June 2022|20.83|21.18|20.78|20.99|18.43|15,442,894
16 June 2022|21.58|21.78|21.26|21.34|18.73|8,462,355
15 June 2022|21.68|22.07|21.41|21.43|18.81|10,750,923
14 June 2022|21.94|21.98|21.39|21.83|19.16|15,351,189
10 June 2022|22.84|23.70|22.83|22.89|20.09|9,117,587
09 June 2022|23.52|23.54|22.95|23.17|20.33|10,204,216
08 June 2022|24.31|24.40|23.61|23.70|20.80|8,647,163
07 June 2022|24.61|24.64|24.21|24.26|21.29|5,131,083
06 June 2022|24.75|24.79|24.59|24.62|21.61|3,501,124
03 June 2022|24.85|25.01|24.76|24.82|21.79|3,433,433
02 June 2022|24.83|24.94|24.72|24.77|21.75|6,158,911
01 June 2022|25.01|25.21|24.96|25.11|22.04|4,524,983
31 May 2022|25.42|25.55|24.84|24.84|21.81|12,060,405
30 May 2022|25.68|25.68|25.37|25.57|22.44|4,178,185
27 May 2022|25.58|25.59|25.39|25.48|22.36|3,035,939
26 May 2022|25.66|25.74|25.31|25.33|22.23|4,071,532
25 May 2022|25.18|25.56|25.11|25.43|22.32|6,259,789
24 May 2022|25.14|25.43|25.12|25.17|22.09|3,918,822
23 May 2022|25.48|25.50|25.04|25.11|22.04|4,678,184
20 May 2022|25.08|25.35|25.02|25.30|22.21|5,220,393
19 May 2022|25.27|25.44|25.06|25.08|22.02|4,939,419
18 May 2022|25.58|25.74|25.51|25.64|22.50|3,877,288
17 May 2022|25.45|25.51|25.35|25.41|22.30|5,190,938
16 May 2022|25.38|25.50|25.18|25.38|22.28|4,070,702
13 May 2022|24.93|25.24|24.82|25.19|22.11|6,678,426
12 May 2022|25.32|25.34|24.89|24.96|21.91|6,338,146
11 May 2022|25.63|25.71|25.07|25.20|22.12|6,326,212
10 May 2022|25.56|25.59|25.18|25.59|22.46|8,598,686
09 May 2022|25.61|25.82|25.55|25.82|22.67|6,171,395
09 May 2022|0.714302Dividend
06 May 2022|26.52|26.64|26.37|26.55|22.68|7,979,114
05 May 2022|27.06|27.17|26.48|26.70|22.80|12,940,015
04 May 2022|27.49|27.61|26.86|27.16|23.20|6,970,374
03 May 2022|26.91|27.14|26.76|27.04|23.10|3,687,363
02 May 2022|26.80|27.17|26.80|27.08|23.13|3,184,495
29 Apr 2022|26.98|27.16|26.93|27.08|23.13|4,672,461
28 Apr 2022|26.91|27.04|26.71|26.88|22.96|3,434,542
27 Apr 2022|27.04|27.11|26.68|26.70|22.80|7,609,123
26 Apr 2022|27.18|27.51|27.06|27.40|23.41|5,669,270
22 Apr 2022|27.61|27.79|27.48|27.56|23.54|4,511,263
21 Apr 2022|27.83|27.96|27.74|27.78|23.73|4,535,527
20 Apr 2022|27.78|27.91|27.59|27.69|23.65|5,600,412
19 Apr 2022|27.49|27.61|27.28|27.53|23.52|3,850,061
14 Apr 2022|27.24|27.50|27.16|27.20|23.24|4,225,668
13 Apr 2022|27.18|27.35|27.13|27.27|23.30|3,926,310
12 Apr 2022|27.25|27.40|27.07|27.20|23.24|4,523,245
11 Apr 2022|27.37|27.69|27.36|27.48|23.47|3,598,267
08 Apr 2022|27.18|27.31|27.03|27.28|23.30|3,465,200
07 Apr 2022|27.03|27.12|26.82|27.12|23.17|4,696,337
06 Apr 2022|26.79|27.18|26.63|27.14|23.19|5,159,332
05 Apr 2022|26.89|27.12|26.81|26.83|22.91|4,111,205
04 Apr 2022|27.01|27.13|26.85|26.91|22.98|4,026,544
01 Apr 2022|27.33|27.37|26.96|26.96|23.03|6,606,466
31 Mar 2022|27.66|27.72|27.38|27.38|23.39|7,042,720
30 Mar 2022|27.68|27.89|27.55|27.66|23.63|5,525,890
29 Mar 2022|27.61|27.71|27.48|27.65|23.62|4,386,488
28 Mar 2022|27.53|27.68|27.52|27.57|23.55|2,412,127
25 Mar 2022|27.47|27.63|27.39|27.39|23.40|4,077,350
24 Mar 2022|27.36|27.53|27.26|27.50|23.49|5,046,226
23 Mar 2022|27.53|27.78|27.53|27.66|23.63|5,059,380
22 Mar 2022|27.54|27.78|27.43|27.45|23.45|5,018,537
21 Mar 2022|27.43|27.65|27.32|27.36|23.37|4,736,459
18 Mar 2022|27.36|27.43|27.16|27.36|23.37|12,968,738
17 Mar 2022|27.53|27.64|27.30|27.31|23.33|8,734,494
16 Mar 2022|26.85|27.04|26.67|26.95|23.02|6,465,117
15 Mar 2022|26.54|26.89|26.46|26.48|22.62|7,712,615
14 Mar 2022|25.91|26.37|25.80|26.37|22.52|6,846,881
11 Mar 2022|25.41|25.82|25.36|25.65|21.91|9,203,574
10 Mar 2022|25.16|25.78|25.16|25.57|21.84|7,785,016
09 Mar 2022|24.64|25.09|24.55|24.89|21.26|6,821,103
08 Mar 2022|24.73|25.05|24.62|24.62|21.03|8,320,702
07 Mar 2022|25.10|25.19|24.45|24.80|21.19|11,888,973
04 Mar 2022|25.37|25.41|24.89|25.10|21.44|7,796,700
03 Mar 2022|25.79|25.86|25.41|25.41|21.70|7,482,166
02 Mar 2022|25.50|25.70|25.36|25.41|21.70|9,230,730
01 Mar 2022|25.89|26.32|25.85|25.97|22.19|5,686,231
28 Feb 2022|26.19|26.26|25.56|25.80|22.04|10,833,576
25 Feb 2022|26.62|26.73|25.85|25.89|22.12|7,646,937
24 Feb 2022|26.91|27.01|26.37|26.47|22.61|10,270,416
23 Feb 2022|27.47|27.70|27.26|27.41|23.41|3,993,041
22 Feb 2022|27.50|27.74|27.38|27.67|23.63|5,804,116
21 Feb 2022|27.78|27.97|27.66|27.95|23.87|4,123,532
18 Feb 2022|27.79|28.08|27.75|27.93|23.86|5,240,254
17 Feb 2022|27.93|28.11|27.74|28.00|23.91|5,842,217
16 Feb 2022|27.84|27.90|27.49|27.88|23.81|7,048,782
15 Feb 2022|27.74|27.86|27.58|27.58|23.56|5,875,451
14 Feb 2022|27.24|28.00|27.24|27.98|23.90|7,133,624
11 Feb 2022|27.40|27.65|27.26|27.60|23.58|5,982,563
10 Feb 2022|27.37|27.55|27.15|27.49|23.48|8,514,515
09 Feb 2022|27.08|27.32|26.82|27.20|23.24|9,046,983
08 Feb 2022|25.86|26.81|25.86|26.75|22.85|6,398,022
07 Feb 2022|26.20|26.44|25.44|26.36|22.52|11,023,424
04 Feb 2022|26.68|26.88|26.47|26.88|22.96|6,242,590
03 Feb 2022|26.75|26.98|26.49|26.86|22.94|4,429,086
02 Feb 2022|26.58|26.77|26.34|26.68|22.79|6,172,665
01 Feb 2022|26.48|26.68|25.92|26.32|22.48|7,768,142
31 Jan 2022|27.08|27.13|26.31|26.32|22.48|8,705,860
28 Jan 2022|27.10|27.37|26.43|27.25|23.28|24,316,553
27 Jan 2022|26.90|27.42|26.34|26.86|22.94|11,551,606
25 Jan 2022|27.38|27.40|26.30|26.56|22.69|12,445,776
24 Jan 2022|27.73|27.73|27.44|27.55|23.53|5,241,580
21 Jan 2022|28.33|28.33|27.76|27.89|23.82|8,628,172
20 Jan 2022|28.21|28.52|28.13|28.35|24.22|5,989,664
19 Jan 2022|28.33|28.46|28.16|28.33|24.20|5,823,114
18 Jan 2022|28.52|28.56|28.36|28.52|24.36|4,323,436
17 Jan 2022|28.20|28.53|28.13|28.49|24.34|5,089,386
14 Jan 2022|28.06|28.21|27.89|28.17|24.06|4,884,154
13 Jan 2022|27.94|28.18|27.88|28.18|24.07|4,450,202
12 Jan 2022|27.83|27.98|27.60|27.81|23.75|3,030,041
11 Jan 2022|27.88|27.98|27.63|27.78|23.73|4,695,594
10 Jan 2022|28.19|28.25|27.89|28.15|24.04|2,147,657
07 Jan 2022|27.86|28.25|27.77|28.18|24.07|5,863,085
06 Jan 2022|27.78|27.86|27.33|27.46|23.46|5,046,721
05 Jan 2022|27.78|27.97|27.63|27.84|23.78|2,984,304
04 Jan 2022|27.51|27.78|27.41|27.78|23.73|3,833,554
31 Dec 2021|27.62|27.64|27.25|27.29|23.31|1,986,696
30 Dec 2021|27.72|27.72|27.51|27.60|23.58|1,686,420
29 Dec 2021|27.49|27.72|27.43|27.66|23.63|3,170,782
24 Dec 2021|27.31|27.44|27.21|27.24|23.27|1,627,635
23 Dec 2021|27.19|27.20|27.01|27.18|23.22|2,194,244
22 Dec 2021|27.08|27.09|26.83|27.01|23.08|3,641,162
21 Dec 2021|27.06|27.31|27.02|27.10|23.15|3,596,797
20 Dec 2021|27.28|27.38|26.85|27.03|23.09|3,914,071
17 Dec 2021|27.38|27.63|27.32|27.41|23.41|11,747,149
16 Dec 2021|27.53|27.53|27.09|27.21|23.25|7,277,326
15 Dec 2021|27.22|27.52|27.22|27.37|23.38|4,374,019
14 Dec 2021|26.95|27.36|26.94|27.26|23.29|3,866,302
13 Dec 2021|27.38|27.53|27.15|27.15|23.19|3,416,086
10 Dec 2021|27.27|27.45|27.14|27.25|23.28|3,785,774
09 Dec 2021|27.13|27.51|27.13|27.39|23.40|4,356,458
08 Dec 2021|27.34|27.56|26.98|27.44|23.44|5,257,081
07 Dec 2021|27.03|27.28|26.96|27.24|23.27|4,643,102
06 Dec 2021|26.69|26.91|26.57|26.83|22.91|5,513,646
03 Dec 2021|26.66|26.82|26.50|26.82|22.91|5,436,975
02 Dec 2021|26.18|26.54|26.15|26.48|22.62|6,863,482
01 Dec 2021|26.33|26.56|26.12|26.43|22.58|5,105,657
30 Nov 2021|26.60|27.18|26.49|26.49|22.63|11,509,982
29 Nov 2021|26.34|26.62|26.21|26.41|22.56|7,042,386
26 Nov 2021|27.02|27.21|26.74|26.86|22.94|4,359,411
25 Nov 2021|27.20|27.34|27.00|27.05|23.11|4,815,392
24 Nov 2021|27.38|27.51|27.02|27.29|23.31|5,076,697
23 Nov 2021|26.81|27.15|26.72|27.05|23.11|5,251,852
22 Nov 2021|27.01|27.04|26.54|26.55|22.68|4,575,048
19 Nov 2021|27.28|27.44|26.96|27.08|23.13|4,531,256
18 Nov 2021|27.63|27.64|27.22|27.26|23.29|5,725,877
17 Nov 2021|28.04|28.11|27.48|27.62|23.59|7,696,749
16 Nov 2021|28.12|28.23|28.00|28.20|24.08|5,937,133
15 Nov 2021|28.02|28.24|27.89|28.24|24.13|4,515,622
12 Nov 2021|28.02|28.08|27.81|28.04|23.95|3,935,259
11 Nov 2021|27.94|28.11|27.67|27.85|23.79|5,598,068
10 Nov 2021|27.78|27.98|27.59|27.90|23.83|5,426,825
09 Nov 2021|28.00|28.06|27.66|27.69|23.65|5,190,125
08 Nov 2021|27.93|28.13|27.74|28.13|24.02|6,748,201
08 Nov 2021|0.714302Dividend
05 Nov 2021|28.53|28.66|28.36|28.57|23.80|7,109,981
04 Nov 2021|28.46|28.57|28.31|28.49|23.73|4,612,938
03 Nov 2021|28.01|28.31|27.86|28.24|23.52|5,624,767
02 Nov 2021|27.98|28.07|27.44|27.62|23.00|5,777,812
01 Nov 2021|28.23|28.25|27.23|27.93|23.26|11,108,679
29 Oct 2021|28.63|28.72|27.92|27.92|23.25|8,395,112
28 Oct 2021|28.27|28.75|28.20|28.37|23.63|7,600,713
27 Oct 2021|28.19|28.42|27.99|28.17|23.46|5,284,288
26 Oct 2021|28.18|28.26|28.12|28.19|23.47|3,295,262
25 Oct 2021|28.02|28.21|27.91|28.10|23.40|3,543,301
22 Oct 2021|27.93|28.03|27.84|27.99|23.31|4,050,457
21 Oct 2021|28.27|28.27|27.96|28.02|23.33|4,800,666
20 Oct 2021|27.94|28.22|27.91|28.17|23.46|5,321,836
19 Oct 2021|28.03|28.16|27.91|27.93|23.26|3,385,116
18 Oct 2021|27.75|28.18|27.73|28.02|23.33|6,265,057
15 Oct 2021|27.53|27.68|27.41|27.65|23.03|3,152,503
14 Oct 2021|27.60|27.62|27.36|27.36|22.79|3,734,415
13 Oct 2021|27.52|27.58|27.36|27.56|22.95|2,668,921
12 Oct 2021|27.68|27.88|27.50|27.67|23.04|5,997,672
11 Oct 2021|27.73|27.87|27.53|27.87|23.21|4,352,798
08 Oct 2021|27.70|27.77|27.41|27.74|23.10|4,415,580
07 Oct 2021|27.55|27.60|27.43|27.59|22.98|4,226,162
06 Oct 2021|27.71|27.74|27.17|27.31|22.75|5,254,014
05 Oct 2021|27.61|27.89|27.41|27.61|22.99|5,311,161
04 Oct 2021|27.54|27.92|27.44|27.81|23.16|4,381,063
01 Oct 2021|27.43|27.56|27.08|27.22|22.67|6,466,165
30 Sept 2021|27.48|27.93|27.40|27.93|23.26|8,598,529
29 Sept 2021|27.28|27.49|27.11|27.27|22.71|5,995,190
28 Sept 2021|27.64|27.73|27.36|27.40|22.82|5,547,413
27 Sept 2021|27.29|27.68|27.29|27.55|22.94|5,836,596
24 Sept 2021|27.53|27.56|27.15|27.19|22.65|4,268,456
23 Sept 2021|27.26|27.33|27.05|27.16|22.62|4,083,262
22 Sept 2021|26.84|27.14|26.73|26.88|22.38|4,401,766
21 Sept 2021|26.75|27.03|26.61|26.94|22.43|4,492,823
20 Sept 2021|27.32|27.38|26.89|26.93|22.42|4,828,441
17 Sept 2021|27.56|27.64|27.34|27.48|22.89|9,585,435
16 Sept 2021|27.62|27.71|27.44|27.65|23.03|6,414,948
15 Sept 2021|27.28|27.47|27.19|27.39|22.81|4,489,171
14 Sept 2021|27.35|27.58|27.30|27.49|22.90|4,932,225
13 Sept 2021|27.36|27.53|27.27|27.40|22.82|2,776,246
10 Sept 2021|27.49|27.55|27.25|27.37|22.80|3,619,402
09 Sept 2021|27.60|27.87|27.16|27.29|22.73|7,151,195
08 Sept 2021|27.65|27.92|27.60|27.80|23.15|3,648,435
07 Sept 2021|27.81|27.93|27.67|27.86|23.20|2,740,759
06 Sept 2021|27.54|27.89|27.37|27.89|23.23|3,956,630
03 Sept 2021|27.69|27.79|27.48|27.65|23.03|4,623,139
02 Sept 2021|27.76|27.95|27.60|27.69|23.06|4,379,547
01 Sept 2021|27.35|27.77|27.24|27.76|23.12|5,757,687
31 Aug 2021|27.55|27.77|27.51|27.63|23.01|7,767,388
30 Aug 2021|28.18|28.21|27.70|27.78|23.13|4,897,644
27 Aug 2021|28.09|28.19|28.02|28.10|23.40|3,310,775
26 Aug 2021|28.28|28.30|28.12|28.22|23.51|2,806,761
25 Aug 2021|28.17|28.29|28.06|28.24|23.52|2,986,343
24 Aug 2021|28.11|28.19|28.02|28.17|23.46|3,839,951
23 Aug 2021|28.18|28.25|27.99|28.10|23.40|2,642,204
20 Aug 2021|28.26|28.42|27.97|28.09|23.39|5,719,892
19 Aug 2021|28.15|28.37|28.05|28.14|23.43|5,260,214
18 Aug 2021|28.10|28.44|28.01|28.24|23.52|4,335,119
17 Aug 2021|28.62|28.62|28.09|28.20|23.48|3,628,680
16 Aug 2021|29.09|29.12|28.49|28.50|23.74|7,981,611
13 Aug 2021|29.12|29.32|29.08|29.30|24.40|4,307,969
12 Aug 2021|29.22|29.26|28.94|29.12|24.25|4,086,123
11 Aug 2021|28.77|29.14|28.76|29.00|24.15|5,324,727
10 Aug 2021|28.73|28.83|28.42|28.65|23.86|3,164,254
09 Aug 2021|28.37|28.78|28.34|28.66|23.87|5,144,537
06 Aug 2021|28.04|28.27|28.02|28.27|23.55|3,934,450
05 Aug 2021|27.84|28.05|27.79|28.01|23.32|3,842,906
04 Aug 2021|27.78|27.88|27.60|27.85|23.19|3,323,589
03 Aug 2021|27.80|28.05|27.69|27.79|23.14|3,046,866
02 Aug 2021|27.53|28.06|27.51|27.99|23.31|3,815,351
30 July 2021|27.62|27.66|27.46|27.49|22.90|3,687,727
29 July 2021|27.57|27.58|27.36|27.53|22.93|3,575,617
28 July 2021|27.65|27.71|27.36|27.52|22.92|3,495,902
27 July 2021|27.53|27.76|27.45|27.69|23.06|3,822,662
26 July 2021|27.53|27.61|27.32|27.45|22.86|2,636,134
23 July 2021|27.58|27.62|27.37|27.47|22.88|2,706,969
22 July 2021|27.65|27.78|27.63|27.78|23.13|3,601,076
21 July 2021|27.42|27.62|27.34|27.43|22.85|3,910,615
20 July 2021|26.71|27.37|26.66|27.10|22.57|5,013,822
19 July 2021|26.98|27.03|26.71|26.94|22.43|3,914,498
16 July 2021|27.20|27.23|27.07|27.21|22.66|4,292,826
15 July 2021|27.52|27.52|27.18|27.27|22.71|4,465,511
14 July 2021|27.60|27.63|27.35|27.43|22.85|5,419,775
13 July 2021|27.93|28.05|27.60|27.60|22.99|5,164,516
12 July 2021|27.98|28.03|27.71|27.75|23.11|3,948,860
09 July 2021|27.56|27.63|27.36|27.63|23.01|5,926,335
08 July 2021|27.93|28.05|27.65|27.72|23.09|3,665,053
07 July 2021|27.67|27.95|27.64|27.92|23.25|3,469,793
06 July 2021|27.97|28.11|27.80|27.80|23.15|2,937,787
05 July 2021|28.04|28.11|27.84|27.87|23.21|3,384,311
02 July 2021|27.98|28.15|27.95|28.10|23.40|3,106,377
01 July 2021|27.94|27.97|27.67|27.81|23.16|3,896,206
30 June 2021|28.14|28.24|27.93|27.93|23.26|4,165,476
29 June 2021|27.92|28.05|27.71|28.02|23.33|2,902,625
28 June 2021|28.09|28.14|27.75|27.97|23.29|2,527,073
25 June 2021|28.32|28.32|27.99|28.06|23.37|3,288,887
24 June 2021|28.00|28.05|27.73|27.82|23.17|4,538,765
23 June 2021|28.26|28.37|28.00|28.05|23.36|4,266,382
22 June 2021|28.45|28.58|28.27|28.45|23.70|5,102,750
21 June 2021|28.20|28.29|27.81|27.86|23.20|5,158,587
18 June 2021|28.93|28.93|28.63|28.75|23.94|10,423,151
17 June 2021|28.91|29.41|28.75|29.00|24.15|9,757,707
16 June 2021|28.46|28.73|28.40|28.69|23.90|4,654,645
15 June 2021|27.98|28.51|27.94|28.43|23.68|5,906,907
11 June 2021|28.18|28.22|27.99|28.03|23.34|5,363,079
10 June 2021|28.43|28.59|28.28|28.46|23.70|3,633,711
09 June 2021|28.42|28.69|28.36|28.50|23.74|2,930,221
08 June 2021|28.57|28.76|28.43|28.53|23.76|3,603,214
07 June 2021|28.96|28.98|28.42|28.59|23.81|4,150,349
04 June 2021|28.63|29.05|28.57|28.97|24.13|6,904,262
03 June 2021|28.18|28.60|28.18|28.54|23.77|4,076,568
02 June 2021|28.19|28.27|28.00|28.13|23.42|3,841,288
01 June 2021|28.33|28.42|28.07|28.09|23.39|3,436,661
31 May 2021|28.67|28.75|28.43|28.48|23.72|3,624,712
28 May 2021|28.43|28.67|28.39|28.63|23.85|5,780,327
27 May 2021|28.39|28.42|28.19|28.31|23.58|6,181,569
26 May 2021|28.07|28.41|28.07|28.27|23.55|3,274,891
25 May 2021|28.02|28.24|28.01|28.22|23.51|3,552,462
24 May 2021|27.68|28.03|27.63|27.94|23.27|3,698,470
21 May 2021|27.68|27.80|27.59|27.78|23.13|5,236,658
20 May 2021|27.20|27.65|27.11|27.64|23.02|6,219,876
19 May 2021|27.04|27.34|26.95|27.09|22.56|5,839,125
18 May 2021|27.20|27.49|27.14|27.48|22.89|5,703,523
17 May 2021|27.30|27.36|27.07|27.09|22.56|2,890,209
14 May 2021|27.25|27.43|27.18|27.20|22.66|4,487,765
13 May 2021|26.66|27.07|26.62|26.94|22.43|5,414,667
12 May 2021|26.63|26.76|26.44|26.71|22.24|7,339,324
11 May 2021|26.98|27.10|26.75|26.86|22.37|7,979,202
10 May 2021|26.89|27.32|26.89|27.16|22.62|13,659,701
10 May 2021|0.69446Dividend
10 May 2021|1.02508:1Stock split
07 May 2021|27.54|27.65|27.30|27.53|22.35|10,716,204
06 May 2021|28.02|28.02|27.23|27.43|22.27|11,378,725
05 May 2021|28.77|28.82|27.68|27.68|22.47|14,689,357
04 May 2021|28.92|28.97|28.49|28.60|23.22|5,497,700
03 May 2021|28.64|28.95|28.44|28.87|23.44|6,063,202
30 Apr 2021|28.65|28.76|28.43|28.51|23.15|5,012,628
29 Apr 2021|28.87|29.00|28.69|28.71|23.31|3,074,907
28 Apr 2021|28.76|28.99|28.71|28.87|23.44|4,907,718
27 Apr 2021|28.46|28.75|28.34|28.72|23.32|3,687,113
26 Apr 2021|28.58|28.72|28.42|28.46|23.11|2,788,226
23 Apr 2021|28.21|28.51|28.16|28.47|23.12|2,409,843
22 Apr 2021|28.37|28.43|28.08|28.35|23.02|3,688,243
21 Apr 2021|28.08|28.20|27.81|28.20|22.89|6,011,698
20 Apr 2021|28.63|28.69|28.38|28.43|23.08|3,281,004
19 Apr 2021|28.70|28.84|28.57|28.70|23.30|3,779,320
16 Apr 2021|28.61|28.69|28.42|28.59|23.21|5,778,283
15 Apr 2021|28.73|28.76|28.45|28.69|23.29|3,677,731
14 Apr 2021|28.59|28.72|28.34|28.66|23.27|3,010,719
13 Apr 2021|28.57|28.74|28.55|28.67|23.28|2,643,712
12 Apr 2021|28.56|28.70|28.51|28.64|23.25|3,235,949
09 Apr 2021|28.51|28.57|28.28|28.51|23.15|3,339,334
08 Apr 2021|28.35|28.85|28.27|28.51|23.15|4,681,447
07 Apr 2021|28.20|28.21|27.99|28.21|22.91|3,614,985
06 Apr 2021|28.25|28.33|28.05|28.13|22.83|3,975,916
01 Apr 2021|28.08|28.13|27.79|28.02|22.74|2,764,074
31 Mar 2021|28.00|28.43|27.86|27.96|22.70|5,906,292
30 Mar 2021|28.12|28.12|27.58|27.88|22.63|6,176,529
29 Mar 2021|28.08|28.43|27.77|27.77|22.54|4,091,232
26 Mar 2021|27.85|28.10|27.82|27.95|22.69|3,799,042
25 Mar 2021|27.64|27.93|27.58|27.68|22.47|3,757,995
24 Mar 2021|27.93|27.94|27.64|27.78|22.55|2,929,159
23 Mar 2021|27.83|28.08|27.72|27.78|22.55|4,100,438
22 Mar 2021|27.93|28.29|27.82|28.15|22.85|3,182,120
19 Mar 2021|27.93|28.25|27.84|28.01|22.74|12,996,030
18 Mar 2021|28.18|28.37|27.91|27.92|22.66|5,253,552
17 Mar 2021|28.11|28.42|27.99|28.15|22.85|4,513,006
16 Mar 2021|28.21|28.53|27.98|28.33|23.00|4,645,366
15 Mar 2021|28.03|28.34|27.79|28.18|22.87|3,668,031
12 Mar 2021|28.27|28.35|27.99|28.02|22.74|3,354,146
11 Mar 2021|28.41|28.51|27.76|28.00|22.73|6,184,999
10 Mar 2021|28.74|28.90|28.28|28.28|22.96|5,112,005
09 Mar 2021|28.92|29.32|28.78|28.87|23.44|6,337,922
08 Mar 2021|28.83|29.12|28.41|28.49|23.13|5,479,252
05 Mar 2021|28.27|28.63|28.13|28.61|23.23|10,401,166
04 Mar 2021|27.69|28.21|27.46|28.17|22.87|11,395,114
03 Mar 2021|26.77|27.35|26.68|27.34|22.20|7,219,934
02 Mar 2021|26.73|26.98|26.63|26.68|21.66|7,328,019
01 Mar 2021|25.94|26.44|25.94|26.38|21.42|4,077,963
26 Feb 2021|26.19|26.36|25.94|25.96|21.08|7,470,094
25 Feb 2021|26.60|26.72|26.38|26.56|21.56|4,816,020
24 Feb 2021|26.59|26.64|26.31|26.42|21.45|3,766,572
23 Feb 2021|26.29|26.60|26.06|26.60|21.59|4,834,447
22 Feb 2021|26.60|26.62|26.16|26.29|21.34|4,426,587
19 Feb 2021|26.14|26.59|26.01|26.40|21.43|10,499,032
18 Feb 2021|26.59|26.74|26.20|26.34|21.38|10,724,508
17 Feb 2021|25.35|25.72|25.32|25.62|20.80|6,202,945
16 Feb 2021|25.30|25.69|25.19|25.27|20.51|4,904,462
15 Feb 2021|24.80|25.12|24.78|25.02|20.31|3,437,102
12 Feb 2021|24.52|24.85|24.52|24.62|19.99|3,783,249
11 Feb 2021|24.48|24.79|24.42|24.69|20.05|3,138,734
10 Feb 2021|24.85|24.98|24.50|24.64|20.01|4,450,421
09 Feb 2021|25.11|25.13|24.71|24.73|20.08|4,338,667
08 Feb 2021|25.01|25.36|25.00|25.20|20.46|3,038,634
05 Feb 2021|24.77|25.15|24.75|25.09|20.37|5,177,203
04 Feb 2021|24.64|24.74|24.48|24.58|19.96|4,916,422
03 Feb 2021|24.39|24.79|24.33|24.60|19.97|5,846,476
02 Feb 2021|23.96|24.29|23.93|24.16|19.61|3,472,869
01 Feb 2021|23.22|23.97|22.93|23.87|19.38|4,747,864
29 Jan 2021|24.16|24.24|23.44|23.52|19.10|6,536,987
28 Jan 2021|24.00|24.03|23.50|24.03|19.51|6,356,107
27 Jan 2021|24.42|24.57|24.21|24.36|19.77|5,055,390
25 Jan 2021|24.48|24.62|24.37|24.48|19.88|2,657,968
22 Jan 2021|24.43|24.50|24.26|24.45|19.85|8,311,957
21 Jan 2021|24.45|24.60|24.33|24.54|19.93|4,028,198
20 Jan 2021|24.64|24.67|24.24|24.27|19.70|3,979,674
19 Jan 2021|24.31|24.61|24.23|24.48|19.88|4,420,690
18 Jan 2021|24.43|24.51|23.96|24.09|19.56|3,279,809
15 Jan 2021|24.41|24.70|24.32|24.46|19.86|5,176,159
14 Jan 2021|23.91|24.50|23.86|24.41|19.81|6,139,224
13 Jan 2021|23.65|24.06|23.65|23.97|19.46|3,852,097
12 Jan 2021|23.71|24.09|23.64|23.86|19.37|5,790,415
11 Jan 2021|23.61|23.71|23.51|23.66|19.21|3,333,403
08 Jan 2021|23.64|23.70|23.38|23.65|19.20|4,349,086
07 Jan 2021|23.04|23.71|22.95|23.45|19.04|8,270,501
06 Jan 2021|22.65|22.76|22.38|22.60|18.35|4,902,498
05 Jan 2021|22.68|22.79|22.57|22.79|18.50|3,621,748
04 Jan 2021|22.58|22.96|22.58|22.86|18.56|3,233,467
31 Dec 2020|22.78|22.87|22.52|22.52|18.28|2,231,129
30 Dec 2020|22.82|22.91|22.71|22.89|18.58|2,584,042
29 Dec 2020|23.08|23.19|22.91|22.98|18.65|1,613,602
24 Dec 2020|23.12|23.26|22.85|22.85|18.55|2,148,430
23 Dec 2020|22.92|23.04|22.82|22.92|18.60|2,931,126
22 Dec 2020|22.98|23.10|22.57|22.73|18.45|4,375,904
21 Dec 2020|22.94|23.19|22.75|23.13|18.77|4,878,690
18 Dec 2020|23.39|23.39|23.06|23.06|18.72|17,591,850
17 Dec 2020|23.31|23.48|23.17|23.39|18.99|7,464,293
16 Dec 2020|22.87|23.33|22.87|23.10|18.75|6,563,972
15 Dec 2020|23.15|23.25|22.69|22.79|18.50|6,702,197
14 Dec 2020|22.92|23.20|22.83|23.00|18.67|4,628,690
11 Dec 2020|22.93|22.96|22.67|22.76|18.48|5,495,578
10 Dec 2020|23.12|23.24|22.95|22.99|18.66|8,700,798
09 Dec 2020|23.21|23.30|23.05|23.12|18.77|5,541,457
08 Dec 2020|22.98|23.29|22.86|23.21|18.85|5,932,581
07 Dec 2020|23.28|23.32|22.91|23.16|18.80|4,185,169
04 Dec 2020|22.83|23.23|22.82|23.12|18.77|4,774,390
03 Dec 2020|22.82|22.93|22.70|22.83|18.53|4,909,470
02 Dec 2020|22.94|22.99|22.68|22.85|18.55|8,382,268
01 Dec 2020|22.34|22.84|22.20|22.70|18.43|6,864,786
30 Nov 2020|22.85|23.12|22.42|22.46|18.23|15,234,637
27 Nov 2020|22.91|23.08|22.67|22.91|18.60|5,300,056
26 Nov 2020|23.33|23.40|23.05|23.07|18.73|8,576,698
25 Nov 2020|23.28|23.63|23.09|23.47|19.06|10,064,916
24 Nov 2020|22.31|23.01|22.27|22.79|18.50|8,194,107
23 Nov 2020|22.16|22.20|21.93|22.10|17.94|5,118,392
20 Nov 2020|22.24|22.34|22.05|22.16|17.99|8,472,172
19 Nov 2020|21.94|22.27|21.76|22.27|18.08|9,049,310
18 Nov 2020|21.63|21.94|21.50|21.84|17.73|9,453,839
17 Nov 2020|21.33|21.72|21.19|21.55|17.49|14,698,250
16 Nov 2020|20.64|21.01|20.62|20.96|17.02|1,039,796
13 Nov 2020|20.30|20.47|20.20|20.42|16.58|5,921,745
12 Nov 2020|20.67|20.74|20.35|20.44|16.59|7,316,341
11 Nov 2020|20.26|20.72|20.20|20.67|16.78|12,530,137
10 Nov 2020|19.84|20.38|19.80|20.03|16.26|18,097,029
09 Nov 2020|19.04|19.32|18.97|19.07|15.48|11,449,280
09 Nov 2020|0.34723Dividend
06 Nov 2020|19.47|19.52|19.20|19.44|15.50|6,256,302
05 Nov 2020|19.29|19.35|18.79|19.32|15.40|8,345,739
04 Nov 2020|19.36|19.46|18.96|19.15|15.27|7,515,106
03 Nov 2020|19.33|19.53|19.18|19.32|15.40|8,816,352
02 Nov 2020|18.93|19.23|18.64|19.11|15.24|11,141,326
30 Oct 2020|18.53|18.92|18.46|18.66|14.88|9,620,355
29 Oct 2020|18.53|18.68|18.37|18.55|14.79|9,466,665
28 Oct 2020|19.06|19.16|18.80|19.01|15.16|6,200,442
27 Oct 2020|19.35|19.48|19.26|19.35|15.42|5,203,282
26 Oct 2020|19.64|19.81|19.47|19.52|15.57|4,863,123
23 Oct 2020|19.51|19.64|19.35|19.62|15.65|5,681,375
22 Oct 2020|19.34|19.40|19.11|19.35|15.42|6,458,053
21 Oct 2020|19.31|19.59|19.23|19.44|15.50|6,498,187
20 Oct 2020|19.37|19.49|19.14|19.17|15.28|6,559,137
19 Oct 2020|19.30|19.45|19.24|19.36|15.43|4,543,427
16 Oct 2020|19.21|19.34|19.11|19.16|15.27|6,606,737
15 Oct 2020|19.15|19.46|19.05|19.21|15.31|6,763,518
14 Oct 2020|19.20|19.34|19.04|19.15|15.27|7,047,081
13 Oct 2020|19.05|19.59|19.05|19.35|15.42|12,475,887
12 Oct 2020|18.45|18.83|18.28|18.83|15.01|6,176,286
09 Oct 2020|18.45|18.50|18.23|18.46|14.72|5,459,394
08 Oct 2020|18.34|18.49|18.21|18.39|14.67|9,876,532
07 Oct 2020|17.71|18.17|17.58|18.17|14.48|7,771,570
06 Oct 2020|17.82|17.86|17.39|17.75|14.15|5,975,160
05 Oct 2020|17.21|17.69|17.17|17.66|14.08|4,888,198
02 Oct 2020|17.15|17.24|16.84|16.94|13.51|5,580,075
01 Oct 2020|17.21|17.37|17.13|17.25|13.76|5,867,733
30 Sept 2020|17.25|17.29|17.07|17.08|13.62|8,194,091
29 Sept 2020|17.74|17.82|17.37|17.44|13.91|4,499,365
28 Sept 2020|17.81|17.93|17.49|17.56|14.00|5,595,197
25 Sept 2020|17.06|17.81|16.99|17.79|14.18|13,156,022
24 Sept 2020|16.50|16.82|16.33|16.74|13.34|9,377,576
23 Sept 2020|16.47|16.72|16.38|16.72|13.33|8,780,303
22 Sept 2020|16.47|16.50|16.27|16.33|13.02|11,627,464
21 Sept 2020|16.92|16.98|16.65|16.72|13.33|7,121,524
18 Sept 2020|17.19|17.26|16.93|16.93|13.50|15,282,842
17 Sept 2020|17.07|17.24|17.02|17.18|13.70|10,017,913
16 Sept 2020|17.36|17.40|17.07|17.16|13.68|9,475,522
15 Sept 2020|17.56|17.58|17.17|17.21|13.72|8,886,752
14 Sept 2020|17.55|17.68|17.46|17.54|13.99|4,049,102
11 Sept 2020|17.44|17.50|17.32|17.39|13.87|6,266,396
10 Sept 2020|17.93|17.95|17.46|17.57|14.01|5,785,839
09 Sept 2020|17.76|17.86|17.53|17.67|14.09|7,325,690
08 Sept 2020|18.08|18.21|17.95|18.21|14.52|4,322,601
07 Sept 2020|17.66|18.16|17.55|17.99|14.34|5,675,916
04 Sept 2020|17.88|17.98|17.64|17.67|14.09|7,067,453
03 Sept 2020|18.10|18.38|18.05|18.22|14.53|7,247,638
02 Sept 2020|17.61|17.95|17.53|17.91|14.28|5,982,215
01 Sept 2020|17.96|18.03|17.47|17.63|14.06|10,467,737
31 Aug 2020|18.20|18.33|18.09|18.14|14.46|4,984,943
28 Aug 2020|18.18|18.51|18.18|18.25|14.55|6,380,745
27 Aug 2020|18.25|18.36|18.06|18.18|14.50|7,204,086
26 Aug 2020|18.55|18.59|18.14|18.39|14.67|6,281,405
25 Aug 2020|18.30|18.87|18.25|18.65|14.87|10,260,238
24 Aug 2020|18.11|18.12|17.94|18.07|14.40|5,630,996
24 Aug 2020|0.248022Dividend
21 Aug 2020|18.47|18.71|18.21|18.23|14.34|7,505,819
20 Aug 2020|18.33|18.52|18.08|18.31|14.40|10,746,615
19 Aug 2020|18.32|18.66|18.15|18.53|14.58|9,079,737
18 Aug 2020|18.00|18.01|17.69|17.93|14.10|7,408,707
17 Aug 2020|18.29|18.42|18.11|18.12|14.25|5,270,148
14 Aug 2020|18.40|18.67|18.38|18.53|14.58|6,088,058
13 Aug 2020|18.83|18.83|18.28|18.39|14.47|6,972,817
12 Aug 2020|18.45|18.99|18.44|18.70|14.71|8,110,003
11 Aug 2020|18.11|18.48|18.09|18.34|14.43|7,532,018
10 Aug 2020|17.66|18.07|17.63|18.03|14.18|7,697,163
07 Aug 2020|17.36|17.60|17.29|17.54|13.80|4,064,664
06 Aug 2020|17.42|17.55|17.32|17.50|13.76|5,327,628
05 Aug 2020|17.16|17.39|16.80|17.32|13.62|7,963,673
04 Aug 2020|17.39|17.67|17.29|17.37|13.66|12,317,367
03 Aug 2020|17.71|17.71|17.06|17.08|13.44|11,139,130
31 July 2020|18.14|18.19|17.76|17.82|14.01|9,126,651
30 July 2020|18.44|18.55|18.16|18.21|14.33|5,624,408
29 July 2020|18.21|18.53|18.07|18.30|14.40|8,936,755
28 July 2020|18.07|18.21|17.93|17.93|14.10|4,933,739
27 July 2020|18.09|18.20|17.84|18.09|14.22|4,970,934
24 July 2020|18.30|18.32|18.08|18.15|14.27|5,715,619
23 July 2020|18.29|18.50|18.28|18.45|14.51|3,931,859
22 July 2020|18.48|18.75|18.34|18.46|14.52|4,311,694
21 July 2020|18.16|18.59|18.06|18.57|14.61|5,285,439
20 July 2020|18.25|18.27|18.01|18.11|14.24|3,951,915
17 July 2020|18.35|18.42|18.21|18.32|14.41|5,231,640
16 July 2020|18.73|18.75|18.23|18.34|14.43|7,045,441
15 July 2020|18.51|18.51|18.20|18.51|14.56|6,570,418
14 July 2020|18.35|18.51|18.22|18.27|14.37|7,108,294
13 July 2020|18.49|18.80|18.41|18.49|14.54|6,532,070
10 July 2020|18.29|18.31|18.06|18.16|14.28|4,688,637
09 July 2020|18.40|18.55|18.28|18.34|14.43|5,663,685
08 July 2020|18.51|18.57|18.21|18.26|14.36|9,012,765
07 July 2020|19.19|19.24|18.57|18.66|14.68|6,630,962
06 July 2020|18.93|19.24|18.87|18.97|14.92|4,989,191
03 July 2020|19.19|19.37|18.87|19.04|14.97|5,451,180
02 July 2020|18.73|19.15|18.58|19.11|15.03|7,949,714
01 July 2020|18.61|18.73|18.38|18.73|14.73|5,168,951
30 June 2020|18.69|18.87|18.49|18.49|14.54|9,643,790
29 June 2020|18.18|18.52|18.07|18.41|14.48|7,641,544
26 June 2020|18.47|18.75|18.34|18.65|14.67|10,216,499
25 June 2020|18.35|18.43|18.11|18.11|14.24|7,800,321
24 June 2020|18.85|18.97|18.66|18.68|14.69|5,904,123
23 June 2020|18.87|18.95|18.43|18.83|14.81|6,992,120
22 June 2020|18.50|18.99|18.37|18.82|14.80|8,171,914
19 June 2020|19.01|19.07|18.45|18.60|14.63|23,478,906
18 June 2020|19.21|19.21|18.47|18.93|14.89|15,973,445
17 June 2020|19.26|19.28|18.69|19.01|14.95|11,442,016
16 June 2020|19.08|19.24|18.73|19.08|15.00|12,985,680
15 June 2020|18.78|19.06|18.26|18.26|14.36|10,756,164
12 June 2020|18.40|18.89|18.18|18.77|14.76|15,324,036
11 June 2020|19.94|20.14|19.22|19.32|15.19|15,380,896
10 June 2020|20.34|20.69|20.00|20.60|16.20|10,606,816
09 June 2020|20.46|21.05|20.41|20.83|16.39|17,480,168
05 June 2020|19.25|19.71|19.14|19.61|15.43|12,726,686
04 June 2020|19.40|19.63|18.78|19.06|14.99|18,423,303
03 June 2020|18.31|18.82|18.15|18.77|14.76|13,466,552
02 June 2020|17.94|18.17|17.69|17.88|14.06|9,887,018
01 June 2020|17.58|18.08|17.27|17.91|14.08|8,088,488
29 May 2020|18.35|18.36|17.75|17.75|13.96|19,639,584
28 May 2020|18.56|19.10|18.36|18.59|14.62|18,744,262
27 May 2020|16.70|18.17|16.67|17.80|14.00|32,053,089
26 May 2020|15.56|16.39|15.50|16.39|12.89|16,275,872
25 May 2020|15.28|15.48|15.22|15.47|12.16|5,511,763
22 May 2020|15.28|15.49|15.11|15.11|11.88|5,507,271
21 May 2020|15.64|15.64|15.23|15.27|12.01|4,996,676
20 May 2020|15.08|15.41|15.07|15.39|12.10|5,179,305
19 May 2020|15.45|15.77|15.26|15.32|12.05|11,313,128
18 May 2020|15.46|15.48|14.95|15.01|11.81|7,864,435
15 May 2020|15.26|15.41|15.10|15.32|12.05|5,742,052
14 May 2020|15.17|15.22|15.03|15.03|11.82|7,524,996
13 May 2020|15.23|15.44|15.08|15.44|12.14|7,300,580
12 May 2020|15.64|15.69|15.34|15.38|12.09|11,821,022
11 May 2020|15.72|15.91|15.67|15.68|12.34|9,335,794
08 May 2020|16.04|16.10|15.61|15.61|12.27|13,761,142
07 May 2020|15.92|15.97|15.72|15.72|12.37|8,354,142
06 May 2020|16.21|16.22|15.93|16.07|12.64|6,541,049
05 May 2020|16.14|16.33|16.06|16.32|12.84|7,307,110
04 May 2020|15.50|16.09|15.41|16.02|12.60|11,833,271
01 May 2020|16.36|16.38|15.63|15.63|12.29|15,997,558
30 Apr 2020|16.53|16.77|16.10|16.77|13.19|21,560,771
29 Apr 2020|15.82|16.53|15.74|16.53|13.00|10,925,298
28 Apr 2020|15.53|16.01|15.42|15.58|12.25|12,069,269
27 Apr 2020|15.56|15.71|15.23|15.53|12.21|12,906,422
24 Apr 2020|15.76|16.14|15.72|15.89|12.50|7,909,314
23 Apr 2020|16.15|16.21|15.71|15.88|12.49|7,034,594
22 Apr 2020|15.48|16.02|15.34|15.89|12.50|8,825,890
21 Apr 2020|16.01|16.14|15.67|15.67|12.33|9,223,323
20 Apr 2020|16.43|16.59|16.02|16.02|12.60|8,010,008
17 Apr 2020|16.71|16.90|16.43|16.43|12.92|7,985,013
16 Apr 2020|16.25|16.49|16.07|16.45|12.94|9,955,111
15 Apr 2020|16.67|16.80|16.38|16.72|13.15|8,234,391
14 Apr 2020|16.37|16.66|15.95|16.65|13.09|9,911,156
09 Apr 2020|15.97|16.41|15.67|16.41|12.91|11,935,136
08 Apr 2020|15.82|16.02|15.26|15.40|12.11|16,504,693
07 Apr 2020|16.79|17.10|16.01|16.19|12.73|11,094,564
06 Apr 2020|15.98|16.51|15.82|16.41|12.91|10,824,799
03 Apr 2020|16.27|16.30|15.54|15.67|12.32|11,607,982
02 Apr 2020|16.32|16.36|15.83|16.02|12.60|14,878,146
01 Apr 2020|17.29|17.49|16.44|16.92|13.30|10,682,710
31 Mar 2020|17.13|17.88|16.47|16.83|13.23|18,796,641
30 Mar 2020|15.35|16.65|15.28|16.65|13.09|10,198,683
27 Mar 2020|17.06|17.23|15.35|15.35|12.07|20,854,960
26 Mar 2020|16.83|16.86|16.01|16.57|13.03|12,472,420
25 Mar 2020|15.87|16.55|15.50|16.44|12.93|17,853,055
24 Mar 2020|14.39|14.73|14.10|14.73|11.59|16,467,908
23 Mar 2020|14.83|15.29|13.99|13.99|11.00|19,117,846
20 Mar 2020|15.77|16.43|15.41|15.89|12.50|22,600,072
19 Mar 2020|17.00|17.71|14.88|14.88|11.70|28,576,705
18 Mar 2020|17.94|18.11|16.30|16.49|12.97|18,737,224
17 Mar 2020|15.94|18.34|15.92|18.25|14.36|21,967,784
16 Mar 2020|17.32|17.84|16.32|16.32|12.84|20,936,666
13 Mar 2020|16.67|18.85|15.94|18.65|14.67|32,084,357
12 Mar 2020|19.44|19.71|18.12|18.12|14.25|19,549,243
11 Mar 2020|20.93|21.10|19.80|19.80|15.57|14,572,324
10 Mar 2020|19.35|21.01|19.23|20.96|16.49|19,388,113
09 Mar 2020|20.59|21.31|20.11|20.11|15.82|13,465,158
06 Mar 2020|22.63|22.72|21.95|21.96|17.28|9,726,991
05 Mar 2020|23.51|23.51|22.92|23.06|18.13|9,747,763
04 Mar 2020|23.44|23.52|22.89|23.03|18.11|9,850,965
03 Mar 2020|24.46|24.76|23.81|23.81|18.73|9,294,200
02 Mar 2020|24.22|24.25|23.63|24.15|18.99|9,327,840
28 Feb 2020|24.90|24.91|24.34|24.63|19.37|14,645,009
27 Feb 2020|25.70|25.93|25.27|25.33|19.92|8,991,553
26 Feb 2020|25.81|26.06|25.59|25.86|20.34|9,379,684
25 Feb 2020|26.12|26.43|25.99|26.38|20.75|8,173,386
24 Feb 2020|26.73|26.78|26.45|26.62|20.93|5,206,330
21 Feb 2020|26.82|27.07|26.75|27.02|21.25|5,468,545
20 Feb 2020|26.69|26.85|26.54|26.82|21.09|8,196,236
19 Feb 2020|26.54|26.66|26.36|26.55|20.88|8,273,295
18 Feb 2020|26.44|26.46|26.34|26.44|20.79|5,030,241
17 Feb 2020|26.42|26.49|26.20|26.37|20.74|3,235,603
14 Feb 2020|26.20|26.45|26.16|26.40|20.76|6,743,117
13 Feb 2020|26.29|26.44|26.14|26.22|20.62|5,851,567
12 Feb 2020|26.04|26.17|25.86|26.13|20.55|9,538,853
11 Feb 2020|25.86|25.99|25.83|25.92|20.39|4,252,301
10 Feb 2020|25.87|25.88|25.60|25.74|20.25|3,294,034
07 Feb 2020|25.94|25.97|25.65|25.82|20.31|5,400,660
06 Feb 2020|25.73|25.93|25.72|25.90|20.37|6,802,059
05 Feb 2020|25.68|25.70|25.43|25.62|20.15|4,664,012
04 Feb 2020|25.25|25.58|25.23|25.47|20.03|6,883,682
03 Feb 2020|25.05|25.17|24.92|25.09|19.73|5,893,195
31 Jan 2020|25.73|25.78|25.49|25.55|20.09|7,969,218
30 Jan 2020|25.62|25.64|25.48|25.63|20.15|6,438,573
29 Jan 2020|25.57|25.67|25.40|25.59|20.12|6,004,981
28 Jan 2020|25.40|25.40|25.14|25.26|19.87|5,953,343
24 Jan 2020|25.65|25.82|25.58|25.70|20.21|5,421,081
23 Jan 2020|25.54|25.60|25.47|25.55|20.09|3,929,701
22 Jan 2020|25.30|25.61|25.25|25.52|20.07|5,943,432
21 Jan 2020|25.30|25.33|25.16|25.31|19.90|4,230,790
20 Jan 2020|25.25|25.41|25.18|25.29|19.89|4,864,700
17 Jan 2020|25.39|25.47|25.22|25.22|19.83|4,749,206
16 Jan 2020|25.20|25.27|25.09|25.22|19.83|4,841,645
15 Jan 2020|25.01|25.09|24.98|25.05|19.70|4,717,067
14 Jan 2020|24.92|25.03|24.88|25.00|19.66|4,095,649
13 Jan 2020|24.84|24.92|24.68|24.81|19.51|2,842,948
10 Jan 2020|24.89|24.97|24.80|24.92|19.60|3,493,522
09 Jan 2020|24.80|24.93|24.63|24.69|19.42|6,198,764
08 Jan 2020|24.75|24.80|24.38|24.66|19.40|5,039,571
07 Jan 2020|24.60|24.83|24.57|24.75|19.47|4,055,519
06 Jan 2020|24.41|24.49|24.22|24.44|19.22|3,596,136
03 Jan 2020|24.51|24.74|24.49|24.53|19.30|3,430,463
02 Jan 2020|24.25|24.41|24.23|24.36|19.16|2,826,418
31 Dec 2019|24.47|24.55|24.24|24.44|19.22|3,285,789
*Close price adjusted for splits.**Close price adjusted for splits and dividend and/or capital gain distributions.
