Date|Open|High|Low|Close*|Adj. close**|Volume
20 Sept 2024|39.66|39.77|39.43|39.46|39.46|4,635,574
19 Sept 2024|39.75|39.75|39.20|39.50|39.50|7,219,260
18 Sept 2024|38.91|39.42|38.82|39.42|39.42|5,069,431
17 Sept 2024|38.90|38.90|38.60|38.86|38.86|2,159,496
16 Sept 2024|38.50|38.81|38.34|38.78|38.78|3,745,229
13 Sept 2024|39.00|39.07|38.07|38.28|38.28|4,749,263
12 Sept 2024|38.68|38.78|38.48|38.76|38.76|2,728,013
11 Sept 2024|38.89|39.00|38.13|38.38|38.38|3,617,429
10 Sept 2024|39.15|39.40|38.95|38.95|38.95|2,861,332
09 Sept 2024|38.40|38.93|38.40|38.93|38.93|3,911,396
06 Sept 2024|38.64|39.05|38.54|39.05|39.05|4,166,943
05 Sept 2024|38.29|38.61|38.21|38.50|38.50|4,817,600
04 Sept 2024|38.51|38.53|37.53|37.95|37.95|5,158,642
03 Sept 2024|38.55|38.97|38.45|38.92|38.92|2,721,576
02 Sept 2024|38.08|38.72|37.96|38.65|38.65|2,908,987
30 Aug 2024|38.17|38.20|37.92|38.17|38.17|6,252,369
29 Aug 2024|37.70|38.16|37.63|37.94|37.94|4,606,120
28 Aug 2024|37.19|37.70|36.90|37.70|37.70|6,163,725
27 Aug 2024|37.74|37.88|37.18|37.36|37.36|2,612,875
26 Aug 2024|37.11|37.75|36.92|37.75|37.75|5,040,735
23 Aug 2024|36.84|37.00|36.74|36.93|36.93|2,516,361
22 Aug 2024|36.92|36.98|36.81|36.90|36.90|2,487,601
21 Aug 2024|36.98|37.03|36.70|36.81|36.81|4,414,061
20 Aug 2024|36.96|37.09|36.65|36.88|36.88|3,707,615
19 Aug 2024|36.70|37.07|36.48|36.91|36.91|3,548,273
16 Aug 2024|36.33|36.59|36.26|36.48|36.48|5,397,149
15 Aug 2024|35.88|36.45|35.83|35.94|35.94|4,060,196
14 Aug 2024|36.54|36.57|35.70|35.79|35.79|3,781,396
13 Aug 2024|36.06|36.33|36.05|36.20|36.20|2,456,618
12 Aug 2024|36.07|36.19|35.93|35.99|35.99|1,782,890
09 Aug 2024|35.73|35.79|35.43|35.63|35.63|2,142,901
08 Aug 2024|34.88|35.43|34.70|35.31|35.31|4,673,279
07 Aug 2024|34.92|35.14|34.67|34.74|34.74|5,362,260
06 Aug 2024|34.92|35.36|34.77|35.05|35.05|6,830,435
05 Aug 2024|35.67|35.69|34.70|34.81|34.81|6,371,420
02 Aug 2024|37.10|37.14|36.43|36.50|36.50|8,554,924
01 Aug 2024|38.77|38.85|38.05|38.05|38.05|4,289,722
31 July 2024|37.99|38.58|37.93|38.58|38.58|5,839,569
30 July 2024|37.58|37.97|37.39|37.92|37.92|2,726,453
29 July 2024|37.77|37.97|37.74|37.90|37.90|2,510,230
26 July 2024|37.50|37.54|37.34|37.41|37.41|2,881,664
25 July 2024|37.27|37.46|37.12|37.24|37.24|3,940,904
24 July 2024|37.29|37.64|37.25|37.59|37.59|2,796,472
23 July 2024|37.08|37.58|37.08|37.36|37.36|2,778,041
22 July 2024|36.95|37.06|36.80|36.92|36.92|2,916,497
19 July 2024|37.15|37.30|37.10|37.24|37.24|7,213,567
18 July 2024|37.88|38.08|37.62|37.69|37.69|5,631,625
17 July 2024|37.57|37.82|37.41|37.77|37.77|4,124,830
16 July 2024|37.50|37.68|37.34|37.38|37.38|3,283,901
15 July 2024|37.25|37.50|37.15|37.25|37.25|3,417,585
12 July 2024|36.64|36.98|36.37|36.95|36.95|4,169,898
11 July 2024|36.39|36.49|36.06|36.20|36.20|3,480,897
10 July 2024|35.71|35.90|35.59|35.82|35.82|2,359,635
09 July 2024|35.65|35.84|35.36|35.84|35.84|3,391,209
08 July 2024|35.27|35.38|35.13|35.33|35.33|2,553,538
05 July 2024|35.65|35.68|35.15|35.33|35.33|2,859,689
04 July 2024|35.83|35.88|35.64|35.77|35.77|2,610,789
03 July 2024|35.80|35.85|35.37|35.45|35.45|3,243,753
02 July 2024|35.93|35.99|35.58|35.69|35.69|3,809,297
01 July 2024|35.75|36.18|35.74|36.07|36.07|2,662,079
28 June 2024|36.26|36.44|36.07|36.23|36.23|4,216,110
27 June 2024|35.75|36.03|35.46|36.03|36.03|4,263,137
26 June 2024|36.60|36.65|36.24|36.29|36.29|3,518,290
25 June 2024|36.28|36.72|36.19|36.69|36.69|3,892,386
24 June 2024|36.20|36.46|35.96|35.96|35.96|3,362,441
21 June 2024|36.24|36.28|35.75|36.21|36.21|13,600,313
20 June 2024|36.42|36.42|36.02|36.19|36.19|6,305,062
19 June 2024|35.80|36.17|35.77|36.17|36.17|3,865,097
18 June 2024|35.55|36.00|35.49|36.00|36.00|5,113,698
17 June 2024|34.96|35.29|34.89|35.26|35.26|3,707,804
14 June 2024|34.95|35.09|34.83|35.02|35.02|8,416,620
13 June 2024|35.16|35.23|34.93|35.01|35.01|3,761,631
12 June 2024|34.70|34.80|34.48|34.74|34.74|3,601,408
11 June 2024|34.91|35.00|34.64|34.87|34.87|4,942,991
07 June 2024|34.89|35.23|34.76|35.23|35.23|3,276,495
06 June 2024|34.90|35.04|34.73|35.00|35.00|5,136,740
05 June 2024|34.65|34.83|34.55|34.80|34.80|4,889,481
04 June 2024|34.60|34.80|34.50|34.56|34.56|4,114,353
03 June 2024|34.17|34.46|34.00|34.46|34.46|3,812,520
31 May 2024|33.87|33.91|33.62|33.91|33.91|7,798,482
30 May 2024|33.30|33.69|33.30|33.61|33.61|2,480,697
29 May 2024|33.83|33.89|33.49|33.65|33.65|4,202,116
28 May 2024|34.40|34.43|34.08|34.28|34.28|3,352,040
27 May 2024|34.14|34.38|34.09|34.23|34.23|2,126,570
24 May 2024|34.00|34.03|33.73|33.96|33.96|3,215,630
23 May 2024|34.48|34.48|34.10|34.40|34.40|3,339,593
22 May 2024|34.75|34.83|34.56|34.79|34.79|3,520,860
21 May 2024|34.71|34.72|34.45|34.71|34.71|3,571,338
20 May 2024|34.56|34.73|34.47|34.73|34.73|2,870,263
17 May 2024|34.39|34.63|34.21|34.53|34.53|6,616,199
16 May 2024|34.10|34.60|33.95|34.56|34.56|6,580,143
15 May 2024|34.10|34.13|33.72|33.75|33.75|3,521,680
14 May 2024|34.00|34.10|33.82|33.99|33.99|3,455,176
13 May 2024|33.65|34.05|33.63|34.04|34.04|2,451,754
10 May 2024|33.69|34.05|33.62|33.81|33.81|3,585,325
09 May 2024|33.99|34.00|33.48|33.52|33.52|3,835,723
08 May 2024|34.24|34.31|33.62|33.96|33.96|5,747,178
07 May 2024|34.12|34.20|33.63|34.14|34.14|10,157,436
07 May 2024|0.84Dividend
06 May 2024|34.80|34.80|34.53|34.66|33.82|3,380,770
03 May 2024|34.40|34.52|34.11|34.40|33.57|3,547,868
02 May 2024|33.83|34.74|33.83|34.28|33.45|5,502,510
01 May 2024|33.41|33.97|33.41|33.79|32.97|3,136,827
30 Apr 2024|33.57|33.82|33.45|33.80|32.98|2,943,452
29 Apr 2024|33.90|33.90|33.60|33.62|32.81|3,107,622
26 Apr 2024|33.90|33.90|33.47|33.51|32.70|3,551,145
24 Apr 2024|34.10|34.23|33.98|34.00|33.18|3,464,445
23 Apr 2024|33.78|33.89|33.59|33.84|33.02|2,815,828
22 Apr 2024|33.41|33.65|33.36|33.40|32.59|3,021,090
19 Apr 2024|33.08|33.20|32.60|33.06|32.26|7,098,026
18 Apr 2024|33.16|33.67|33.16|33.45|32.64|3,159,070
17 Apr 2024|33.27|33.40|33.15|33.15|32.35|2,497,312
16 Apr 2024|33.65|33.71|33.13|33.36|32.55|4,085,512
15 Apr 2024|33.86|34.02|33.71|33.93|33.11|3,258,185
12 Apr 2024|34.07|34.24|34.04|34.15|33.32|2,326,522
11 Apr 2024|34.20|34.41|34.10|34.30|33.47|3,154,881
10 Apr 2024|34.70|34.79|34.51|34.63|33.79|2,379,941
09 Apr 2024|34.66|34.71|34.47|34.63|33.79|2,320,722
08 Apr 2024|34.45|34.59|34.26|34.45|33.62|2,213,669
05 Apr 2024|34.13|34.33|33.96|34.33|33.50|2,916,499
04 Apr 2024|34.78|34.80|34.13|34.39|33.56|3,319,693
03 Apr 2024|34.65|34.81|34.10|34.43|33.60|4,353,003
02 Apr 2024|34.45|34.82|34.34|34.82|33.98|4,564,993
28 Mar 2024|34.85|34.92|34.51|34.64|33.80|3,996,214
27 Mar 2024|34.31|34.74|34.30|34.69|33.85|2,974,569
26 Mar 2024|34.43|34.59|34.23|34.46|33.62|4,672,803
25 Mar 2024|34.90|34.95|34.55|34.56|33.72|3,380,216
22 Mar 2024|34.61|34.76|34.26|34.76|33.92|8,582,421
21 Mar 2024|34.69|34.91|34.25|34.78|33.94|9,264,397
20 Mar 2024|34.21|34.35|33.91|33.91|33.09|4,521,167
19 Mar 2024|33.97|34.13|33.81|33.94|33.12|3,048,462
18 Mar 2024|33.70|34.03|33.58|34.03|33.21|3,711,505
15 Mar 2024|33.07|33.81|32.88|33.81|32.99|11,640,483
14 Mar 2024|34.09|34.12|33.20|33.50|32.69|5,985,049
13 Mar 2024|34.00|34.46|33.91|34.45|33.62|4,035,558
12 Mar 2024|34.10|34.41|33.72|33.88|33.06|5,590,748
11 Mar 2024|34.73|34.76|33.98|34.03|33.21|3,895,122
08 Mar 2024|34.50|35.12|34.41|35.11|34.26|7,853,300
07 Mar 2024|34.27|34.45|34.16|34.32|33.49|3,986,350
06 Mar 2024|34.00|34.13|33.84|34.10|33.27|3,283,978
05 Mar 2024|34.20|34.24|33.76|33.76|32.94|4,350,929
04 Mar 2024|34.13|34.29|34.02|34.14|33.31|3,108,325
01 Mar 2024|33.80|34.08|33.74|34.04|33.22|3,107,463
29 Feb 2024|33.88|33.89|33.62|33.84|33.02|9,144,720
28 Feb 2024|34.16|34.18|33.68|33.88|33.06|3,508,440
27 Feb 2024|33.90|34.14|33.83|34.08|33.25|3,765,486
26 Feb 2024|34.00|34.08|33.74|33.90|33.08|2,772,642
23 Feb 2024|33.90|33.98|33.71|33.86|33.04|3,560,727
22 Feb 2024|33.60|33.60|33.20|33.48|32.67|3,464,419
21 Feb 2024|33.44|34.10|33.31|33.61|32.80|6,625,282
20 Feb 2024|33.21|33.50|33.19|33.49|32.68|3,500,182
19 Feb 2024|33.00|33.17|32.74|33.17|32.37|2,292,255
16 Feb 2024|33.20|33.23|32.91|33.07|32.27|6,991,251
15 Feb 2024|32.66|32.90|32.52|32.85|32.05|4,612,523
14 Feb 2024|32.56|32.56|32.06|32.51|31.72|4,476,609
13 Feb 2024|32.90|32.99|32.78|32.93|32.13|3,327,677
12 Feb 2024|32.46|32.84|32.38|32.65|31.86|3,468,162
09 Feb 2024|32.48|32.48|32.17|32.37|31.59|4,142,046
08 Feb 2024|32.30|32.49|32.15|32.46|31.67|3,426,579
07 Feb 2024|32.05|32.17|31.65|32.13|31.35|6,937,962
06 Feb 2024|32.26|32.42|32.04|32.20|31.42|3,601,256
05 Feb 2024|32.10|32.34|31.88|32.34|31.56|2,391,981
02 Feb 2024|32.14|32.48|31.96|32.25|31.47|5,386,195
01 Feb 2024|32.44|32.44|31.75|31.90|31.13|4,900,315
31 Jan 2024|32.16|32.60|31.91|32.60|31.81|8,242,011
30 Jan 2024|32.23|32.34|32.03|32.13|31.35|4,094,882
29 Jan 2024|31.91|32.14|31.83|32.14|31.36|4,831,894
25 Jan 2024|31.89|31.90|31.57|31.79|31.02|3,291,456
24 Jan 2024|32.00|32.00|31.70|31.87|31.10|2,747,910
23 Jan 2024|31.73|32.00|31.70|31.93|31.16|4,423,091
22 Jan 2024|31.42|31.78|31.37|31.63|30.86|5,329,332
19 Jan 2024|31.22|31.42|31.08|31.28|30.52|6,667,238
18 Jan 2024|30.81|31.08|30.51|30.89|30.14|5,153,433
17 Jan 2024|30.99|31.05|30.64|30.74|30.00|4,440,252
16 Jan 2024|30.95|30.95|30.59|30.73|29.99|2,635,098
15 Jan 2024|30.85|30.96|30.84|30.92|30.17|320,829
12 Jan 2024|30.62|30.91|30.62|30.91|30.16|2,715,151
11 Jan 2024|30.93|31.05|30.76|30.97|30.22|3,577,999
10 Jan 2024|30.75|30.93|30.61|30.72|29.98|2,474,865
09 Jan 2024|30.86|30.96|30.81|30.90|30.15|3,404,755
08 Jan 2024|30.50|30.70|30.34|30.51|29.77|2,165,935
05 Jan 2024|30.56|30.67|30.45|30.56|29.82|2,279,730
04 Jan 2024|30.63|30.65|30.23|30.46|29.72|4,887,167
03 Jan 2024|30.58|30.68|30.48|30.59|29.85|2,379,647
02 Jan 2024|30.70|30.87|30.64|30.86|30.11|2,264,936
29 Dec 2023|30.59|30.74|30.53|30.70|29.96|2,341,024
28 Dec 2023|30.74|30.74|30.58|30.73|29.99|2,590,332
27 Dec 2023|30.65|30.76|30.42|30.51|29.77|1,804,063
22 Dec 2023|30.39|30.51|30.32|30.39|29.65|6,483,488
21 Dec 2023|30.33|30.60|30.23|30.48|29.74|5,092,241
20 Dec 2023|30.60|30.67|30.42|30.55|29.81|5,336,432
19 Dec 2023|30.18|30.50|30.09|30.35|29.61|4,330,575
18 Dec 2023|30.05|30.22|29.98|30.19|29.46|2,606,202
15 Dec 2023|30.03|30.27|29.96|30.18|29.45|13,125,974
14 Dec 2023|29.94|30.06|29.80|29.95|29.22|8,016,529
13 Dec 2023|29.60|29.77|29.54|29.76|29.04|3,928,386
12 Dec 2023|29.35|29.53|29.29|29.52|28.80|4,380,600
11 Dec 2023|29.29|29.37|29.17|29.30|28.59|3,454,292
08 Dec 2023|29.06|29.20|28.88|29.20|28.49|2,974,161
07 Dec 2023|29.26|29.30|29.05|29.19|28.48|3,883,094
06 Dec 2023|28.90|29.36|28.84|29.32|28.61|7,492,270
05 Dec 2023|28.62|28.77|28.47|28.77|28.07|3,789,052
04 Dec 2023|28.70|28.75|28.49|28.65|27.96|3,853,254
01 Dec 2023|28.31|28.49|28.21|28.43|27.74|2,537,709
30 Nov 2023|28.20|28.43|28.16|28.40|27.71|8,553,078
29 Nov 2023|28.38|28.41|28.05|28.10|27.42|3,884,834
28 Nov 2023|28.22|28.50|28.16|28.36|27.67|4,302,820
27 Nov 2023|28.11|28.20|27.99|28.02|27.34|2,843,241
24 Nov 2023|27.97|28.08|27.87|27.97|27.29|2,151,891
23 Nov 2023|27.81|28.03|27.78|27.99|27.31|3,349,214
22 Nov 2023|27.80|28.07|27.68|27.99|27.31|2,551,132
21 Nov 2023|28.00|28.02|27.83|27.95|27.27|3,085,148
20 Nov 2023|27.73|27.99|27.73|27.93|27.25|3,462,515
17 Nov 2023|27.93|27.94|27.51|27.73|27.06|5,236,872
16 Nov 2023|28.10|28.10|27.70|27.75|27.08|5,954,595
15 Nov 2023|27.97|27.97|27.97|27.97|27.29|-
14 Nov 2023|28.35|28.35|27.82|27.97|27.29|7,359,422
14 Nov 2023|0.84Dividend
13 Nov 2023|28.50|28.92|28.50|28.90|27.38|7,659,037
10 Nov 2023|28.78|28.80|28.26|28.46|26.96|10,657,339
09 Nov 2023|28.85|29.66|28.72|28.94|27.42|11,297,155
08 Nov 2023|29.14|29.42|29.08|29.17|27.64|3,894,169
07 Nov 2023|29.30|29.30|28.95|29.04|27.51|3,293,237
06 Nov 2023|29.11|29.43|29.04|29.34|27.80|4,787,783
03 Nov 2023|28.95|29.13|28.78|29.06|27.53|4,699,140
02 Nov 2023|28.68|28.88|28.53|28.57|27.07|4,600,910
01 Nov 2023|28.17|28.17|27.97|28.16|26.68|3,458,907
31 Oct 2023|28.10|28.25|27.90|28.05|26.57|6,044,070
30 Oct 2023|27.95|27.99|27.79|27.88|26.41|3,647,639
27 Oct 2023|28.41|28.64|28.34|28.40|26.91|3,356,791
26 Oct 2023|28.21|28.27|28.04|28.20|26.72|4,247,293
25 Oct 2023|28.59|28.69|28.20|28.32|26.83|3,958,482
24 Oct 2023|28.60|28.83|28.50|28.56|27.06|2,508,702
23 Oct 2023|28.29|28.63|28.29|28.56|27.06|2,797,969
20 Oct 2023|28.78|28.88|28.58|28.65|27.14|7,622,647
19 Oct 2023|29.11|29.34|29.00|29.12|27.59|6,592,882
18 Oct 2023|29.48|29.73|29.38|29.55|28.00|5,049,446
17 Oct 2023|29.42|29.49|29.30|29.37|27.83|3,461,950
16 Oct 2023|29.10|29.29|29.03|29.13|27.60|3,011,163
13 Oct 2023|29.24|29.44|29.23|29.32|27.78|2,748,382
12 Oct 2023|29.53|29.71|29.42|29.56|28.01|4,050,062
11 Oct 2023|29.10|29.38|29.06|29.29|27.75|5,010,212
10 Oct 2023|29.20|29.23|28.95|29.15|27.62|3,385,158
09 Oct 2023|28.95|29.18|28.88|28.96|27.44|3,724,462
06 Oct 2023|28.58|29.12|28.57|28.94|27.42|5,434,113
05 Oct 2023|28.44|28.65|28.38|28.51|27.01|4,175,871
04 Oct 2023|28.66|28.68|28.18|28.31|26.82|4,961,584
03 Oct 2023|28.45|28.86|28.34|28.79|27.28|5,834,563
02 Oct 2023|29.01|29.10|28.76|28.96|27.44|2,136,807
29 Sept 2023|29.00|29.07|28.81|29.07|27.54|4,088,277
28 Sept 2023|28.88|29.07|28.77|28.88|27.36|3,297,403
27 Sept 2023|28.88|29.17|28.80|29.04|27.51|3,885,408
26 Sept 2023|28.80|28.94|28.69|28.88|27.36|3,414,845
25 Sept 2023|28.90|28.91|28.62|28.86|27.34|2,254,336
22 Sept 2023|28.45|28.90|28.38|28.88|27.36|7,970,912
21 Sept 2023|29.18|29.29|28.67|28.75|27.24|6,109,150
20 Sept 2023|29.40|29.46|29.18|29.39|27.84|6,261,919
19 Sept 2023|29.44|29.44|29.19|29.38|27.83|3,948,611
18 Sept 2023|29.60|29.64|29.41|29.58|28.02|2,486,800
15 Sept 2023|29.80|29.84|29.52|29.68|28.12|8,708,752
14 Sept 2023|28.93|29.35|28.92|29.31|27.77|4,792,912
13 Sept 2023|29.15|29.16|28.83|28.98|27.46|4,644,848
12 Sept 2023|29.06|29.11|28.75|29.11|27.58|3,044,216
11 Sept 2023|28.79|29.05|28.64|29.05|27.52|3,829,708
08 Sept 2023|28.74|28.79|28.36|28.65|27.14|3,232,013
07 Sept 2023|28.43|28.68|28.37|28.59|27.09|4,334,955
06 Sept 2023|29.08|29.19|28.63|28.66|27.15|3,707,045
05 Sept 2023|28.87|29.02|28.78|29.01|27.48|2,532,804
04 Sept 2023|29.10|29.15|28.87|28.95|27.43|2,247,899
01 Sept 2023|28.87|28.97|28.75|28.90|27.38|2,395,842
31 Aug 2023|29.00|29.25|28.84|28.96|27.44|8,271,908
30 Aug 2023|28.62|28.99|28.60|28.85|27.33|5,345,961
29 Aug 2023|28.39|28.41|28.22|28.41|26.92|3,653,427
28 Aug 2023|28.10|28.26|28.01|28.26|26.77|2,994,763
25 Aug 2023|28.12|28.21|27.85|27.89|26.42|4,231,343
24 Aug 2023|27.99|28.48|27.99|28.39|26.90|3,558,598
23 Aug 2023|27.84|28.22|27.84|28.04|26.57|2,834,012
22 Aug 2023|27.59|27.95|27.53|27.93|26.46|4,436,564
21 Aug 2023|27.74|27.81|27.50|27.57|26.12|3,942,207
18 Aug 2023|27.70|27.85|27.56|27.68|26.22|5,064,336
17 Aug 2023|28.15|28.27|27.72|27.81|26.35|6,752,798
16 Aug 2023|28.46|28.55|28.19|28.40|26.91|5,319,517
15 Aug 2023|28.38|28.87|28.30|28.70|27.19|5,677,040
14 Aug 2023|28.41|28.49|28.24|28.33|26.84|2,680,300
11 Aug 2023|28.48|28.65|28.42|28.56|27.06|2,759,872
10 Aug 2023|28.69|28.69|28.45|28.60|27.10|3,988,460
09 Aug 2023|28.26|28.64|28.13|28.64|27.13|5,680,964
08 Aug 2023|28.11|28.27|27.97|28.03|26.56|4,005,000
07 Aug 2023|27.84|27.98|27.74|27.96|26.49|2,650,198
04 Aug 2023|28.05|28.16|27.83|27.95|26.48|4,066,426
03 Aug 2023|28.09|28.11|27.72|27.93|26.46|6,049,226
02 Aug 2023|28.37|28.40|28.06|28.11|26.63|4,226,518
01 Aug 2023|28.24|28.70|28.23|28.58|27.08|3,915,497
31 July 2023|28.38|28.48|28.26|28.42|26.93|2,500,217
28 July 2023|28.17|28.42|28.03|28.38|26.89|3,664,761
27 July 2023|28.26|28.69|28.20|28.47|26.97|6,037,112
26 July 2023|27.61|28.28|27.57|28.04|26.57|4,695,731
25 July 2023|27.74|27.77|27.45|27.61|26.16|3,361,364
24 July 2023|28.02|28.03|27.69|27.69|26.23|4,459,846
21 July 2023|28.00|28.17|27.72|27.90|26.43|7,569,272
20 July 2023|28.17|28.28|27.81|27.94|26.47|6,313,650
19 July 2023|28.24|28.25|27.88|27.98|26.51|8,970,921
18 July 2023|27.26|27.87|27.21|27.67|26.21|7,379,512
17 July 2023|26.97|27.20|26.91|27.12|25.69|4,194,713
14 July 2023|26.68|27.02|26.62|26.92|25.50|6,940,159
13 July 2023|26.68|26.68|26.49|26.55|25.15|6,627,457
12 July 2023|26.40|26.47|26.26|26.42|25.03|4,336,040
11 July 2023|25.80|26.18|25.79|26.18|24.80|4,494,270
10 July 2023|25.80|25.90|25.61|25.64|24.29|2,912,392
07 July 2023|25.60|25.81|25.52|25.66|24.31|4,730,884
06 July 2023|26.30|26.48|25.96|25.96|24.59|6,363,595
05 July 2023|26.71|26.80|26.40|26.52|25.13|4,260,070
04 July 2023|26.39|26.76|26.30|26.72|25.31|3,585,088
03 July 2023|26.45|26.49|26.24|26.39|25.00|4,337,418
30 June 2023|26.31|26.41|26.20|26.37|24.98|5,209,142
29 June 2023|26.41|26.58|26.28|26.35|24.96|3,776,683
28 June 2023|26.01|26.36|25.98|26.25|24.87|4,568,624
27 June 2023|25.78|25.94|25.68|25.75|24.40|4,857,009
26 June 2023|25.66|25.68|25.40|25.57|24.23|4,627,206
23 June 2023|26.00|26.15|25.66|25.78|24.42|3,421,747
22 June 2023|26.41|26.45|26.03|26.15|24.77|4,693,782
21 June 2023|26.57|26.71|26.49|26.53|25.13|4,850,078
20 June 2023|26.22|26.55|26.13|26.50|25.11|4,403,299
19 June 2023|25.93|26.21|25.90|26.06|24.69|5,262,085
16 June 2023|25.80|25.92|25.67|25.85|24.49|11,343,222
15 June 2023|25.48|25.81|25.48|25.65|24.30|6,295,154
14 June 2023|25.38|25.57|25.29|25.51|24.17|6,989,374
13 June 2023|25.16|25.33|25.12|25.22|23.89|4,034,188
09 June 2023|25.10|25.35|25.10|25.20|23.87|3,440,951
08 June 2023|25.25|25.42|25.16|25.16|23.84|5,273,088
07 June 2023|25.78|25.89|25.30|25.30|23.97|6,972,806
06 June 2023|25.83|26.09|25.76|25.76|24.41|6,117,211
05 June 2023|26.09|26.24|26.00|26.05|24.68|5,868,640
02 June 2023|25.95|26.07|25.66|25.79|24.43|8,119,024
01 June 2023|25.90|26.22|25.87|26.04|24.67|7,283,693
31 May 2023|26.49|26.55|25.97|25.97|24.60|20,724,985
30 May 2023|26.61|26.70|26.42|26.52|25.13|3,584,986
29 May 2023|26.66|26.70|26.46|26.57|25.17|4,753,228
26 May 2023|26.05|26.30|26.05|26.23|24.85|4,972,103
25 May 2023|26.42|26.55|26.04|26.04|24.67|6,794,563
24 May 2023|26.60|26.61|26.41|26.61|25.21|5,521,191
23 May 2023|26.23|26.76|26.21|26.67|25.27|8,341,930
22 May 2023|26.80|26.85|26.57|26.57|25.17|4,781,881
19 May 2023|26.58|26.95|26.56|26.80|25.39|8,357,822
18 May 2023|26.45|26.52|26.27|26.40|25.01|6,050,144
17 May 2023|26.34|26.39|26.16|26.19|24.81|6,805,507
16 May 2023|26.68|26.70|26.46|26.46|25.07|5,224,953
15 May 2023|26.25|26.49|26.25|26.46|25.07|3,153,894
12 May 2023|26.42|26.51|26.26|26.41|25.02|6,158,839
11 May 2023|26.06|26.41|26.05|26.37|24.98|7,291,416
10 May 2023|26.17|26.45|26.16|26.26|24.88|9,870,638
10 May 2023|0.83Dividend
09 May 2023|26.81|27.39|26.77|27.36|25.13|10,081,996
08 May 2023|26.86|27.31|26.84|27.10|24.90|8,678,556
05 May 2023|26.40|26.86|25.84|26.58|24.42|16,671,612
04 May 2023|26.63|27.15|26.22|26.72|24.55|22,104,013
03 May 2023|28.80|28.80|28.38|28.55|26.23|5,101,769
02 May 2023|29.08|29.28|28.90|29.09|26.72|6,094,795
01 May 2023|29.10|29.23|28.88|29.19|26.82|3,566,160
28 Apr 2023|28.98|29.10|28.75|28.84|26.49|5,463,855
27 Apr 2023|28.79|28.79|28.41|28.73|26.39|3,674,182
26 Apr 2023|28.73|28.96|28.58|28.84|26.49|4,706,622
24 Apr 2023|29.00|29.01|28.79|28.79|26.45|2,136,668
21 Apr 2023|28.69|28.86|28.48|28.77|26.43|4,976,229
20 Apr 2023|28.84|29.16|28.71|29.10|26.73|5,521,059
19 Apr 2023|28.70|28.75|28.53|28.61|26.28|3,082,669
18 Apr 2023|28.62|28.79|28.57|28.76|26.42|3,913,324
17 Apr 2023|28.79|28.94|28.62|28.67|26.34|4,440,408
14 Apr 2023|27.90|28.48|27.84|28.46|26.15|2,883,119
13 Apr 2023|28.18|28.30|27.97|28.13|25.84|3,026,975
12 Apr 2023|28.30|28.36|28.00|28.11|25.82|2,663,818
11 Apr 2023|28.10|28.36|27.90|28.25|25.95|4,092,490
06 Apr 2023|28.09|28.15|27.71|27.88|25.61|2,959,085
05 Apr 2023|28.05|28.12|27.74|28.04|25.76|4,330,406
04 Apr 2023|28.01|28.07|27.82|28.07|25.79|3,692,918
03 Apr 2023|27.75|28.15|27.70|27.91|25.64|5,952,544
31 Mar 2023|27.78|27.87|27.46|27.72|25.47|5,142,795
30 Mar 2023|27.36|27.67|27.24|27.67|25.42|6,553,990
29 Mar 2023|27.26|27.31|27.00|27.04|24.84|6,533,423
28 Mar 2023|27.70|27.81|27.58|27.66|25.41|5,016,242
27 Mar 2023|27.24|27.53|27.18|27.41|25.18|3,871,884
24 Mar 2023|27.20|27.30|27.01|27.18|24.97|7,641,648
23 Mar 2023|27.90|27.98|27.63|27.63|25.38|6,279,638
22 Mar 2023|28.50|28.65|28.05|28.05|25.77|5,680,643
21 Mar 2023|28.01|28.32|28.00|28.01|25.73|5,087,266
20 Mar 2023|27.97|28.44|27.81|27.86|25.59|5,309,510
17 Mar 2023|28.00|28.34|28.00|28.28|25.98|11,771,316
16 Mar 2023|27.56|28.23|27.56|27.82|25.56|12,231,316
15 Mar 2023|28.40|28.64|28.17|28.31|26.01|5,644,279
14 Mar 2023|27.83|28.26|27.67|28.10|25.81|11,710,502
13 Mar 2023|29.00|29.42|28.54|28.54|26.22|5,261,617
10 Mar 2023|29.20|29.41|28.84|29.00|26.64|6,105,573
09 Mar 2023|29.60|29.97|29.49|29.89|27.46|4,227,076
08 Mar 2023|29.65|29.80|29.40|29.45|27.05|3,695,882
07 Mar 2023|29.61|29.80|29.43|29.71|27.29|4,527,855
06 Mar 2023|29.25|29.84|29.25|29.48|27.08|4,480,395
03 Mar 2023|29.03|29.21|28.88|29.15|26.78|6,169,692
02 Mar 2023|29.51|29.58|28.83|28.83|26.49|5,560,732
01 Mar 2023|29.76|29.85|29.38|29.38|26.99|5,515,407
28 Feb 2023|29.90|30.16|29.90|30.00|27.56|7,268,430
27 Feb 2023|29.89|30.01|29.73|29.99|27.55|3,237,423
24 Feb 2023|29.76|29.95|29.69|29.85|27.42|4,189,921
23 Feb 2023|30.18|30.27|29.73|29.76|27.34|4,747,667
22 Feb 2023|29.90|30.13|29.83|30.06|27.61|5,012,390
21 Feb 2023|30.18|30.29|29.94|30.10|27.65|2,786,036
20 Feb 2023|30.00|30.43|29.87|30.30|27.84|4,049,345
17 Feb 2023|30.24|30.30|29.76|29.85|27.42|8,021,643
16 Feb 2023|30.22|30.81|30.14|30.51|28.03|8,839,826
15 Feb 2023|30.44|31.04|30.08|30.31|27.84|7,392,610
14 Feb 2023|31.73|31.85|31.50|31.61|29.04|3,210,317
13 Feb 2023|31.59|31.59|31.29|31.38|28.83|3,562,045
10 Feb 2023|31.79|31.85|31.58|31.68|29.10|3,075,030
09 Feb 2023|32.12|32.15|31.77|31.95|29.35|3,666,100
08 Feb 2023|31.80|32.15|31.80|32.06|29.45|3,149,744
07 Feb 2023|31.98|32.13|31.64|31.73|29.15|3,801,327
06 Feb 2023|31.91|31.98|31.64|31.88|29.29|2,559,179
03 Feb 2023|31.68|32.00|31.62|31.90|29.31|7,165,396
02 Feb 2023|31.91|31.96|31.40|31.50|28.94|4,600,401
01 Feb 2023|31.91|32.00|31.59|31.73|29.15|4,101,496
31 Jan 2023|31.85|31.93|31.69|31.79|29.20|3,814,132
30 Jan 2023|31.79|31.88|31.67|31.83|29.24|3,251,089
27 Jan 2023|31.61|31.87|31.56|31.79|29.20|3,632,636
25 Jan 2023|31.42|31.64|31.25|31.48|28.92|4,019,102
24 Jan 2023|31.59|31.59|31.20|31.34|28.79|3,822,866
23 Jan 2023|31.57|31.65|31.47|31.51|28.95|4,073,278
20 Jan 2023|31.68|31.77|31.47|31.60|29.03|6,585,242
19 Jan 2023|31.92|31.92|31.56|31.71|29.13|4,034,964
18 Jan 2023|31.65|31.82|31.51|31.67|29.09|3,582,951
17 Jan 2023|31.50|31.86|31.50|31.67|29.09|4,394,589
16 Jan 2023|31.45|31.74|31.27|31.65|29.08|3,589,372
13 Jan 2023|30.90|31.37|30.88|31.30|28.75|4,924,570
12 Jan 2023|30.18|30.84|30.15|30.80|28.29|4,956,782
11 Jan 2023|30.17|30.36|29.91|30.06|27.61|3,648,508
10 Jan 2023|30.18|30.24|29.91|29.93|27.50|2,467,915
09 Jan 2023|30.00|30.19|29.92|30.00|27.56|2,243,550
06 Jan 2023|29.95|30.09|29.76|29.76|27.34|2,100,621
05 Jan 2023|29.91|30.28|29.88|29.94|27.50|3,894,916
04 Jan 2023|29.65|29.86|29.44|29.70|27.28|4,291,930
03 Jan 2023|30.12|30.17|29.12|29.42|27.03|3,418,227
30 Dec 2022|29.98|30.15|29.89|30.06|27.61|3,165,659
29 Dec 2022|30.30|30.30|29.73|29.92|27.49|3,161,593
28 Dec 2022|30.34|30.35|30.07|30.22|27.76|2,373,724
23 Dec 2022|30.30|30.42|30.16|30.38|27.91|2,135,068
22 Dec 2022|30.37|30.66|30.37|30.52|28.04|2,993,089
21 Dec 2022|30.36|30.67|30.24|30.26|27.80|4,188,926
20 Dec 2022|30.40|30.43|30.04|30.28|27.82|3,331,849
19 Dec 2022|30.19|30.33|30.11|30.26|27.80|2,282,691
16 Dec 2022|30.54|30.59|30.21|30.40|27.93|8,860,143
15 Dec 2022|30.69|31.02|30.53|30.79|28.29|6,163,518
14 Dec 2022|30.80|30.88|30.40|30.71|28.21|5,352,751
13 Dec 2022|30.56|30.83|30.55|30.79|28.29|4,263,957
12 Dec 2022|30.21|30.26|30.04|30.19|27.73|2,878,010
09 Dec 2022|30.37|30.40|30.14|30.19|27.73|3,856,577
08 Dec 2022|30.60|30.64|30.10|30.12|27.67|5,271,265
07 Dec 2022|30.69|30.81|30.27|30.65|28.16|7,215,843
06 Dec 2022|31.10|31.47|30.98|31.03|28.51|6,123,727
05 Dec 2022|31.38|31.44|31.21|31.26|28.72|6,676,661
02 Dec 2022|31.50|31.60|31.21|31.38|28.83|6,005,644
01 Dec 2022|31.54|31.75|31.50|31.68|29.10|5,666,024
30 Nov 2022|31.75|31.75|31.39|31.54|28.97|12,694,372
29 Nov 2022|31.50|31.72|31.30|31.69|29.11|5,503,315
28 Nov 2022|31.64|31.65|31.27|31.59|29.02|5,109,998
25 Nov 2022|31.30|31.58|31.26|31.49|28.93|4,514,848
24 Nov 2022|31.24|31.35|31.15|31.23|28.69|4,367,634
23 Nov 2022|31.20|31.37|31.10|31.30|28.75|5,809,735
22 Nov 2022|31.00|31.14|30.89|30.97|28.45|5,472,361
21 Nov 2022|30.90|30.97|30.65|30.83|28.32|4,873,864
18 Nov 2022|30.76|30.88|30.57|30.66|28.17|3,419,053
17 Nov 2022|30.77|30.96|30.49|30.60|28.11|8,648,499
16 Nov 2022|30.32|30.42|30.03|30.31|27.84|4,987,299
15 Nov 2022|30.42|30.78|30.38|30.49|28.01|6,107,061
15 Nov 2022|0.78Dividend
14 Nov 2022|31.36|31.39|31.07|31.26|28.00|6,916,829
11 Nov 2022|31.38|31.82|31.25|31.35|28.08|8,967,804
10 Nov 2022|31.23|31.42|30.88|31.00|27.77|7,635,114
09 Nov 2022|31.13|31.80|30.98|31.66|28.36|9,599,492
08 Nov 2022|31.91|32.10|31.84|31.95|28.62|4,466,004
07 Nov 2022|32.20|32.27|31.65|31.73|28.42|3,888,182
04 Nov 2022|31.86|32.12|31.68|32.12|28.77|4,453,970
03 Nov 2022|32.43|32.45|32.03|32.15|28.80|5,411,643
02 Nov 2022|32.79|32.83|32.55|32.74|29.33|3,577,523
01 Nov 2022|32.42|32.70|31.73|32.70|29.29|5,888,682
31 Oct 2022|32.25|32.50|32.24|32.42|29.04|5,194,433
28 Oct 2022|31.91|32.22|31.90|32.00|28.66|3,496,495
27 Oct 2022|32.00|32.10|31.33|31.90|28.57|5,704,386
26 Oct 2022|32.00|32.15|31.94|32.07|28.73|3,471,497
25 Oct 2022|31.85|32.05|31.66|31.95|28.62|3,595,465
24 Oct 2022|31.88|31.89|31.49|31.63|28.33|3,149,800
21 Oct 2022|31.51|31.65|31.23|31.40|28.13|6,799,484
20 Oct 2022|31.31|31.89|31.28|31.89|28.57|6,159,420
19 Oct 2022|31.31|31.66|31.31|31.66|28.36|5,021,568
18 Oct 2022|31.32|31.42|31.08|31.23|27.97|4,151,911
17 Oct 2022|31.04|31.10|30.75|30.78|27.57|3,882,945
14 Oct 2022|31.13|31.23|30.97|31.08|27.84|4,707,114
13 Oct 2022|30.50|31.13|30.29|30.59|27.40|8,648,994
12 Oct 2022|29.36|29.99|29.36|29.88|26.76|5,818,602
11 Oct 2022|29.66|29.74|29.36|29.49|26.42|4,925,164
10 Oct 2022|29.86|29.95|29.31|29.64|26.55|5,126,906
07 Oct 2022|30.00|30.30|29.87|30.14|27.00|3,403,507
06 Oct 2022|30.38|30.52|30.17|30.27|27.11|4,780,319
05 Oct 2022|30.24|30.79|30.22|30.51|27.33|7,232,376
04 Oct 2022|29.10|30.05|29.02|29.87|26.76|6,932,406
03 Oct 2022|28.89|28.98|28.38|28.73|25.73|3,647,654
30 Sept 2022|29.22|29.28|28.66|28.81|25.81|7,307,442
29 Sept 2022|29.30|29.50|29.21|29.27|26.22|4,788,116
28 Sept 2022|28.97|29.21|28.83|28.99|25.97|6,382,401
27 Sept 2022|29.31|29.39|29.18|29.25|26.20|4,990,651
26 Sept 2022|29.02|29.45|28.95|29.35|26.29|4,602,173
23 Sept 2022|29.49|29.59|29.19|29.35|26.29|5,737,983
21 Sept 2022|30.00|30.15|29.70|29.82|26.71|4,351,539
20 Sept 2022|30.00|30.30|29.90|30.22|27.07|4,840,674
19 Sept 2022|29.86|29.97|29.63|29.70|26.60|3,099,664
16 Sept 2022|30.05|30.50|29.67|29.96|26.84|16,188,249
15 Sept 2022|29.51|29.85|29.43|29.82|26.71|8,138,819
14 Sept 2022|29.57|29.64|29.17|29.35|26.29|7,429,034
13 Sept 2022|30.27|30.44|30.08|30.28|27.12|6,313,135
12 Sept 2022|30.00|30.60|29.78|29.99|26.86|3,510,482
09 Sept 2022|29.87|30.18|29.67|29.85|26.74|6,524,888
08 Sept 2022|29.46|29.75|29.10|29.62|26.53|6,839,537
07 Sept 2022|30.00|30.27|29.15|29.31|26.25|7,094,689
06 Sept 2022|30.40|30.55|30.24|30.24|27.09|4,158,530
05 Sept 2022|30.54|30.54|30.11|30.34|27.18|4,322,099
02 Sept 2022|30.33|30.66|30.33|30.54|27.36|4,670,206
01 Sept 2022|30.07|30.38|29.77|30.30|27.14|6,280,964
31 Aug 2022|30.01|30.59|29.94|30.59|27.40|7,944,899
30 Aug 2022|29.83|30.20|29.83|29.99|26.86|3,788,660
29 Aug 2022|30.21|30.24|29.72|29.84|26.73|3,674,671
26 Aug 2022|30.24|30.79|30.19|30.61|27.42|3,452,957
25 Aug 2022|29.91|30.31|29.85|30.30|27.14|4,227,634
24 Aug 2022|29.89|30.18|29.83|30.01|26.88|3,688,904
23 Aug 2022|30.50|30.50|29.85|29.94|26.82|4,634,164
22 Aug 2022|30.80|30.84|30.47|30.54|27.36|4,393,060
19 Aug 2022|31.19|31.19|30.86|30.92|27.70|6,342,667
18 Aug 2022|31.32|31.47|31.20|31.42|28.14|4,813,757
17 Aug 2022|31.25|31.43|31.13|31.32|28.05|4,171,913
16 Aug 2022|30.95|31.08|30.73|31.04|27.80|4,293,059
15 Aug 2022|30.77|31.00|30.61|30.81|27.60|2,395,400
12 Aug 2022|30.52|30.84|30.43|30.78|27.57|4,239,288
11 Aug 2022|30.55|30.65|30.27|30.53|27.35|6,007,709
10 Aug 2022|30.10|30.37|29.81|30.22|27.07|6,353,179
09 Aug 2022|29.56|29.89|29.36|29.81|26.70|9,149,187
08 Aug 2022|30.74|30.82|30.60|30.71|27.51|2,965,545
05 Aug 2022|30.86|30.91|30.72|30.91|27.69|1,998,689
04 Aug 2022|30.86|31.06|30.78|30.90|27.68|3,752,749
03 Aug 2022|30.77|30.83|30.42|30.78|27.57|3,953,349
02 Aug 2022|30.50|31.00|30.37|30.96|27.73|4,567,015
01 Aug 2022|30.31|30.58|30.05|30.58|27.39|5,040,923
29 July 2022|30.48|30.76|30.44|30.60|27.41|6,165,419
28 July 2022|30.39|30.49|30.18|30.33|27.17|5,133,887
27 July 2022|29.67|30.20|29.65|30.13|26.99|3,064,777
26 July 2022|30.03|30.15|29.67|29.72|26.62|3,438,265
25 July 2022|29.96|29.99|29.79|29.87|26.76|3,911,300
22 July 2022|29.59|30.08|29.47|29.88|26.76|7,900,159
21 July 2022|29.69|29.76|29.52|29.66|26.57|7,301,105
20 July 2022|29.70|29.82|29.53|29.65|26.56|4,726,010
19 July 2022|29.22|29.45|29.00|29.42|26.35|4,827,115
18 July 2022|28.71|29.00|28.55|29.00|25.98|4,684,412
15 July 2022|28.00|28.45|27.79|28.45|25.48|7,083,789
14 July 2022|28.35|28.47|28.17|28.30|25.35|7,139,094
13 July 2022|28.20|28.45|28.05|28.45|25.48|6,227,457
12 July 2022|28.16|28.23|27.95|28.13|25.20|5,143,875
11 July 2022|28.11|28.27|27.66|27.77|24.87|4,723,259
08 July 2022|28.22|28.26|28.01|28.11|25.18|3,627,490
07 July 2022|28.15|28.19|27.85|28.15|25.22|4,251,716
06 July 2022|27.80|28.21|27.75|28.15|25.22|5,322,139
05 July 2022|27.65|27.84|27.47|27.65|24.77|4,785,897
04 July 2022|28.02|28.18|27.69|27.74|24.85|3,661,957
01 July 2022|27.85|28.01|27.51|27.51|24.64|4,526,541
30 June 2022|27.95|27.96|27.39|27.39|24.53|7,343,081
29 June 2022|27.70|28.20|27.67|28.07|25.14|4,770,864
28 June 2022|28.02|28.05|27.56|27.79|24.89|4,190,622
27 June 2022|27.63|27.98|27.54|27.93|25.02|4,482,745
24 June 2022|27.06|27.24|26.87|27.02|24.20|4,486,764
23 June 2022|27.11|27.51|27.09|27.13|24.30|5,326,590
22 June 2022|27.12|27.16|26.81|26.99|24.18|6,230,844
21 June 2022|26.55|27.06|26.42|27.05|24.23|6,622,384
20 June 2022|26.00|26.27|25.95|26.06|23.34|5,644,228
17 June 2022|25.50|25.96|25.43|25.92|23.22|18,899,071
16 June 2022|26.63|26.75|26.22|26.36|23.61|9,592,974
15 June 2022|26.71|27.30|26.31|26.33|23.58|10,805,651
14 June 2022|26.62|27.15|26.40|26.84|24.04|18,086,949
10 June 2022|28.12|28.77|28.05|28.06|25.13|7,282,462
09 June 2022|28.55|28.68|27.88|28.25|25.30|11,918,570
08 June 2022|30.00|30.02|28.84|28.91|25.90|9,985,315
07 June 2022|30.94|31.02|30.06|30.10|26.96|6,445,012
06 June 2022|31.21|31.25|30.81|31.11|27.87|3,027,792
03 June 2022|31.51|31.54|31.12|31.28|28.02|3,799,288
02 June 2022|31.19|31.40|31.11|31.30|28.04|4,738,812
01 June 2022|31.51|31.69|31.42|31.55|28.26|3,521,975
31 May 2022|31.86|31.89|31.26|31.26|28.00|17,650,136
30 May 2022|31.97|31.97|31.51|31.85|28.53|4,349,891
27 May 2022|31.97|31.97|31.54|31.68|28.38|2,923,009
26 May 2022|31.88|31.90|31.49|31.57|28.28|4,803,385
25 May 2022|31.37|31.95|31.29|31.66|28.36|5,889,345
24 May 2022|30.98|31.39|30.95|31.09|27.85|5,495,619
23 May 2022|31.07|31.15|30.74|30.78|27.57|4,079,073
20 May 2022|30.78|31.14|30.75|31.07|27.83|5,341,969
19 May 2022|30.81|31.17|30.70|30.86|27.64|7,138,239
18 May 2022|31.63|31.65|31.13|31.28|28.02|5,801,049
17 May 2022|31.29|31.64|31.11|31.48|28.20|3,841,689
16 May 2022|31.25|31.54|31.17|31.32|28.05|3,447,364
13 May 2022|30.97|31.18|30.65|31.14|27.89|7,435,704
12 May 2022|30.64|30.99|30.38|30.82|27.61|8,456,495
11 May 2022|30.93|31.00|30.24|30.53|27.35|9,608,645
11 May 2022|0.73Dividend
10 May 2022|31.49|31.78|31.11|31.78|27.81|8,791,832
09 May 2022|31.34|31.78|31.03|31.68|27.73|6,103,330
06 May 2022|31.70|32.07|31.50|31.62|27.67|9,218,403
05 May 2022|32.66|32.69|31.24|32.25|28.22|7,071,637
04 May 2022|32.62|32.62|32.20|32.44|28.39|4,032,822
03 May 2022|32.12|32.22|31.93|32.11|28.10|3,120,865
02 May 2022|32.30|32.40|32.00|32.32|28.29|3,692,027
29 Apr 2022|32.33|32.67|32.30|32.63|28.56|4,946,623
28 Apr 2022|32.36|32.42|31.99|32.19|28.17|3,854,640
27 Apr 2022|32.49|32.64|32.03|32.20|28.18|4,346,641
26 Apr 2022|32.48|32.81|32.28|32.74|28.65|7,662,021
22 Apr 2022|33.54|33.65|33.06|33.14|29.00|6,775,501
21 Apr 2022|33.44|33.75|33.39|33.60|29.41|4,276,049
20 Apr 2022|33.51|33.70|33.18|33.27|29.12|4,372,381
19 Apr 2022|33.00|33.29|32.88|33.25|29.10|4,904,085
14 Apr 2022|33.13|33.16|32.85|32.85|28.75|4,095,440
13 Apr 2022|32.90|33.09|32.78|33.07|28.94|4,217,933
12 Apr 2022|32.95|32.98|32.78|32.94|28.83|5,626,336
11 Apr 2022|32.50|32.96|32.49|32.96|28.85|4,174,140
08 Apr 2022|32.47|32.59|32.33|32.47|28.42|2,719,988
07 Apr 2022|32.35|32.47|32.20|32.47|28.42|3,968,289
06 Apr 2022|32.07|32.62|31.96|32.56|28.50|4,605,281
05 Apr 2022|32.08|32.40|32.05|32.18|28.16|2,421,251
04 Apr 2022|32.35|32.42|32.07|32.07|28.07|3,844,723
01 Apr 2022|32.33|32.52|32.10|32.33|28.29|5,834,853
31 Mar 2022|32.50|32.59|32.29|32.35|28.31|7,350,180
30 Mar 2022|32.38|32.48|32.24|32.37|28.33|5,413,839
29 Mar 2022|32.02|32.18|31.98|32.10|28.09|3,596,363
28 Mar 2022|31.85|32.17|31.80|31.91|27.93|4,668,880
25 Mar 2022|31.72|31.83|31.66|31.66|27.71|5,806,969
24 Mar 2022|31.61|31.79|31.45|31.79|27.82|4,557,237
23 Mar 2022|31.42|31.74|31.42|31.72|27.76|5,266,745
22 Mar 2022|31.15|31.38|31.09|31.23|27.33|4,462,731
21 Mar 2022|31.20|31.46|30.83|30.90|27.04|7,390,353
18 Mar 2022|31.13|31.21|30.90|31.21|27.31|15,156,840
17 Mar 2022|31.12|31.27|31.01|31.14|27.25|9,392,585
16 Mar 2022|30.75|30.87|30.59|30.75|26.91|5,218,861
15 Mar 2022|30.53|30.90|30.47|30.64|26.82|6,205,542
14 Mar 2022|30.26|30.54|30.18|30.38|26.59|4,696,551
11 Mar 2022|30.00|30.16|29.71|29.94|26.20|7,504,010
10 Mar 2022|29.50|30.19|29.45|29.99|26.25|9,688,743
09 Mar 2022|28.32|29.08|28.28|28.98|25.36|6,936,977
08 Mar 2022|28.56|28.68|28.35|28.49|24.93|7,928,971
07 Mar 2022|28.67|28.70|28.01|28.44|24.89|7,554,940
04 Mar 2022|28.93|29.07|28.56|28.89|25.28|5,183,679
03 Mar 2022|29.08|29.29|28.94|29.11|25.48|8,232,351
02 Mar 2022|28.80|29.20|28.66|29.00|25.38|7,027,261
01 Mar 2022|29.14|29.78|29.03|29.37|25.70|6,019,841
28 Feb 2022|29.12|29.12|28.51|28.94|25.33|9,733,580
25 Feb 2022|29.35|29.36|28.77|28.91|25.30|7,724,681
24 Feb 2022|29.61|29.74|29.20|29.38|25.71|8,090,415
23 Feb 2022|30.15|30.30|29.83|30.13|26.37|5,043,154
22 Feb 2022|30.35|30.39|29.93|30.27|26.49|5,821,391
21 Feb 2022|30.45|30.80|30.31|30.75|26.91|3,696,610
18 Feb 2022|30.56|30.70|30.38|30.58|26.76|6,692,556
17 Feb 2022|30.72|30.98|30.58|30.85|27.00|5,601,651
16 Feb 2022|30.60|30.68|30.36|30.64|26.82|6,878,995
15 Feb 2022|30.13|30.54|30.01|30.42|26.62|7,554,796
14 Feb 2022|29.79|30.45|29.73|30.43|26.63|9,600,724
11 Feb 2022|29.41|29.92|29.41|29.84|26.11|8,004,759
10 Feb 2022|29.39|29.67|29.10|29.67|25.97|12,294,346
09 Feb 2022|27.96|28.39|27.86|28.39|24.85|7,797,702
08 Feb 2022|27.32|27.81|27.27|27.73|24.27|5,526,546
07 Feb 2022|27.51|27.63|27.22|27.57|24.13|6,988,888
04 Feb 2022|27.80|27.91|27.56|27.91|24.43|4,630,241
03 Feb 2022|27.80|28.22|27.69|27.91|24.43|4,886,820
02 Feb 2022|27.80|27.97|27.69|27.87|24.39|5,284,353
01 Feb 2022|27.22|27.88|27.07|27.64|24.19|7,895,588
31 Jan 2022|27.45|27.45|27.06|27.13|23.74|7,129,319
28 Jan 2022|27.71|27.73|26.69|27.65|24.20|34,540,854
27 Jan 2022|27.66|27.83|26.82|27.25|23.85|12,075,394
25 Jan 2022|27.85|27.88|27.03|27.35|23.94|10,997,133
24 Jan 2022|28.00|28.29|27.84|28.17|24.65|4,827,756
21 Jan 2022|28.50|28.67|28.10|28.32|24.78|8,098,686
20 Jan 2022|29.00|29.05|28.53|28.70|25.12|6,511,374
19 Jan 2022|29.21|29.30|28.96|29.07|25.44|5,430,330
18 Jan 2022|29.50|29.55|29.30|29.41|25.74|2,931,248
17 Jan 2022|29.59|29.59|29.26|29.45|25.77|3,495,017
14 Jan 2022|29.57|29.64|29.19|29.38|25.71|3,639,760
13 Jan 2022|29.38|29.59|29.33|29.57|25.88|5,018,681
12 Jan 2022|29.36|29.40|28.94|29.24|25.59|4,147,080
11 Jan 2022|29.17|29.30|28.92|29.24|25.59|5,030,266
10 Jan 2022|29.27|29.44|29.16|29.39|25.72|1,940,080
07 Jan 2022|29.44|29.49|29.13|29.42|25.75|3,245,868
06 Jan 2022|29.57|29.57|28.82|28.97|25.35|5,813,416
05 Jan 2022|29.50|29.69|29.49|29.61|25.91|3,526,027
04 Jan 2022|29.21|29.45|29.01|29.40|25.73|3,822,849
31 Dec 2021|29.20|29.21|28.84|28.84|25.24|1,994,546
30 Dec 2021|29.30|29.38|29.19|29.32|25.66|1,853,330
29 Dec 2021|29.00|29.31|28.98|29.25|25.60|3,519,546
24 Dec 2021|28.84|29.00|28.77|28.89|25.28|1,987,570
23 Dec 2021|28.79|28.80|28.56|28.71|25.13|1,762,670
22 Dec 2021|28.70|28.73|28.39|28.54|24.98|3,156,942
21 Dec 2021|28.57|28.75|28.53|28.72|25.13|3,165,220
20 Dec 2021|28.76|28.79|28.34|28.53|24.97|4,102,435
17 Dec 2021|28.91|29.09|28.75|28.83|25.23|12,043,701
16 Dec 2021|29.09|29.09|28.50|28.75|25.16|10,420,835
15 Dec 2021|28.68|28.73|28.45|28.59|25.02|4,812,683
14 Dec 2021|28.33|28.55|28.31|28.46|24.91|3,430,018
13 Dec 2021|28.70|28.87|28.48|28.49|24.93|3,892,189
10 Dec 2021|28.69|28.78|28.50|28.63|25.06|3,323,056
09 Dec 2021|28.57|28.80|28.53|28.69|25.11|4,168,974
08 Dec 2021|28.45|28.86|28.12|28.63|25.06|4,824,070
07 Dec 2021|28.31|28.39|28.10|28.34|24.80|4,477,717
06 Dec 2021|28.12|28.14|27.78|28.04|24.54|5,675,482
03 Dec 2021|27.90|27.96|27.69|27.96|24.47|6,136,798
02 Dec 2021|27.11|27.79|27.11|27.60|24.15|7,062,705
01 Dec 2021|27.20|27.47|27.05|27.38|23.96|5,082,712
30 Nov 2021|27.60|27.77|27.30|27.30|23.89|9,670,750
29 Nov 2021|27.03|27.43|27.00|27.20|23.80|7,442,471
26 Nov 2021|28.35|28.41|27.51|27.65|24.20|7,065,286
25 Nov 2021|28.20|28.46|28.14|28.32|24.78|4,503,128
24 Nov 2021|28.61|28.67|28.29|28.45|24.90|4,813,696
23 Nov 2021|28.64|28.64|28.27|28.47|24.92|5,105,080
22 Nov 2021|28.69|28.69|28.12|28.23|24.71|4,769,539
19 Nov 2021|28.71|29.00|28.35|28.57|25.00|5,114,095
18 Nov 2021|29.00|29.00|28.58|28.71|25.13|9,080,622
17 Nov 2021|29.15|29.29|28.71|28.91|25.30|6,898,350
16 Nov 2021|29.38|29.43|29.03|29.23|25.58|6,643,033
15 Nov 2021|29.22|29.43|29.09|29.40|25.73|10,895,367
15 Nov 2021|0.67Dividend
12 Nov 2021|29.81|30.12|29.65|29.87|25.55|5,910,271
11 Nov 2021|30.16|30.18|29.41|29.66|25.38|7,707,376
10 Nov 2021|29.22|30.30|29.04|30.15|25.79|13,900,058
09 Nov 2021|29.50|29.54|28.22|28.89|24.72|9,782,760
08 Nov 2021|28.97|29.13|28.77|29.11|24.90|4,408,510
05 Nov 2021|28.75|29.09|28.72|28.93|24.75|4,842,541
04 Nov 2021|28.62|28.77|28.45|28.70|24.55|4,221,379
03 Nov 2021|28.43|28.81|28.35|28.58|24.45|4,534,879
02 Nov 2021|28.66|28.74|28.03|28.20|24.13|4,990,735
01 Nov 2021|29.09|29.09|28.45|28.45|24.34|8,430,053
29 Oct 2021|29.40|29.44|28.71|28.71|24.56|7,261,568
28 Oct 2021|29.15|29.45|29.09|29.45|25.20|5,134,066
27 Oct 2021|29.00|29.30|28.94|29.30|25.07|5,946,777
26 Oct 2021|28.90|28.96|28.73|28.90|24.72|3,830,739
25 Oct 2021|28.88|28.99|28.73|28.74|24.59|4,265,397
22 Oct 2021|28.70|28.89|28.63|28.86|24.69|7,210,048
21 Oct 2021|28.88|29.08|28.81|28.90|24.72|8,033,662
20 Oct 2021|28.83|28.88|28.70|28.83|24.67|4,894,067
19 Oct 2021|28.75|28.87|28.65|28.65|24.51|7,873,741
18 Oct 2021|28.74|28.87|28.63|28.79|24.63|3,713,210
15 Oct 2021|28.70|28.79|28.48|28.65|24.51|3,273,715
14 Oct 2021|28.60|28.84|28.57|28.58|24.45|5,110,103
13 Oct 2021|28.46|28.57|28.25|28.54|24.42|4,734,766
12 Oct 2021|28.12|28.47|28.12|28.46|24.35|5,297,598
11 Oct 2021|28.28|28.42|28.12|28.40|24.30|3,958,066
08 Oct 2021|28.16|28.38|27.95|28.38|24.28|6,535,129
07 Oct 2021|27.80|27.99|27.63|27.99|23.95|4,812,944
06 Oct 2021|27.86|27.91|27.35|27.55|23.57|5,021,195
05 Oct 2021|27.75|27.82|27.51|27.78|23.77|5,017,103
04 Oct 2021|27.75|27.97|27.60|27.80|23.78|3,959,315
01 Oct 2021|27.38|27.41|27.01|27.27|23.33|6,554,274
30 Sept 2021|27.64|27.96|27.59|27.83|23.81|7,313,310
29 Sept 2021|27.29|27.40|27.01|27.24|23.30|4,964,921
28 Sept 2021|27.66|27.74|27.43|27.49|23.52|4,225,509
27 Sept 2021|27.41|27.77|27.40|27.58|23.60|4,300,858
24 Sept 2021|27.39|27.43|27.21|27.35|23.40|3,520,140
23 Sept 2021|27.27|27.28|27.06|27.07|23.16|3,702,140
22 Sept 2021|26.80|27.11|26.70|26.91|23.02|4,410,325
21 Sept 2021|27.00|27.17|26.82|27.10|23.18|4,990,959
20 Sept 2021|27.70|27.79|27.30|27.34|23.39|4,697,322
17 Sept 2021|28.04|28.15|27.77|27.89|23.86|11,968,451
16 Sept 2021|28.15|28.41|28.13|28.20|24.13|6,972,528
15 Sept 2021|28.01|28.20|27.89|28.14|24.07|4,458,631
14 Sept 2021|28.30|28.34|28.04|28.23|24.15|5,473,211
13 Sept 2021|28.25|28.34|28.03|28.18|24.11|4,081,323
10 Sept 2021|28.65|28.73|28.27|28.45|24.34|4,490,010
09 Sept 2021|28.68|28.74|28.16|28.40|24.30|6,209,123
08 Sept 2021|28.45|28.85|28.44|28.85|24.68|5,225,645
07 Sept 2021|28.80|28.88|28.47|28.67|24.53|3,677,009
06 Sept 2021|28.51|28.86|28.38|28.86|24.69|4,803,166
03 Sept 2021|28.50|28.78|28.34|28.70|24.55|6,780,611
02 Sept 2021|28.40|28.49|28.09|28.49|24.37|5,917,605
01 Sept 2021|27.75|28.34|27.62|28.34|24.25|8,519,345
31 Aug 2021|27.49|27.75|27.44|27.73|23.72|7,925,320
30 Aug 2021|27.70|27.70|27.36|27.54|23.56|3,533,723
27 Aug 2021|27.43|27.69|27.40|27.64|23.65|3,557,637
26 Aug 2021|27.60|27.66|27.41|27.53|23.55|3,888,823
25 Aug 2021|27.50|27.68|27.43|27.68|23.68|5,292,358
24 Aug 2021|27.41|27.45|27.31|27.40|23.44|3,468,022
23 Aug 2021|27.46|27.52|27.30|27.39|23.43|3,749,665
20 Aug 2021|27.60|27.69|27.38|27.41|23.45|5,696,222
19 Aug 2021|27.42|27.56|27.21|27.51|23.54|6,603,339
18 Aug 2021|27.49|27.78|27.40|27.63|23.64|5,206,154
17 Aug 2021|27.72|27.74|27.27|27.45|23.48|4,953,098
16 Aug 2021|27.50|27.80|27.40|27.72|23.72|5,882,381
13 Aug 2021|27.44|27.70|27.37|27.70|23.70|7,954,198
12 Aug 2021|27.50|27.55|27.16|27.27|23.33|5,597,020
11 Aug 2021|27.05|27.44|27.03|27.22|23.29|6,087,029
10 Aug 2021|27.10|27.14|26.81|26.97|23.07|3,512,532
09 Aug 2021|27.00|27.14|26.85|26.92|23.03|5,923,895
06 Aug 2021|26.55|26.76|26.51|26.69|22.83|3,659,892
05 Aug 2021|26.35|26.55|26.30|26.54|22.71|4,161,665
04 Aug 2021|26.30|26.46|26.16|26.32|22.52|3,913,715
03 Aug 2021|26.36|26.47|26.23|26.34|22.53|3,646,021
02 Aug 2021|26.05|26.67|26.03|26.55|22.71|6,687,471
30 July 2021|25.90|26.10|25.78|25.93|22.18|5,371,194
29 July 2021|25.80|25.87|25.67|25.77|22.05|4,784,046
28 July 2021|26.00|26.05|25.75|25.91|22.17|4,233,212
27 July 2021|26.10|26.10|25.84|25.98|22.23|4,151,261
26 July 2021|25.95|26.06|25.82|25.94|22.19|3,722,379
23 July 2021|25.75|26.04|25.64|26.04|22.28|3,779,504
22 July 2021|25.96|26.06|25.82|26.04|22.28|4,203,243
21 July 2021|25.63|25.94|25.63|25.74|22.02|4,803,284
20 July 2021|25.28|25.57|25.08|25.47|21.79|5,400,548
19 July 2021|25.53|25.73|25.38|25.65|21.94|4,326,536
16 July 2021|25.99|26.00|25.82|25.96|22.21|4,660,278
15 July 2021|26.21|26.26|25.97|26.02|22.26|4,696,757
14 July 2021|26.28|26.42|26.13|26.26|22.47|4,905,036
13 July 2021|26.40|26.52|26.24|26.24|22.45|5,422,718
12 July 2021|26.32|26.38|26.18|26.22|22.43|3,497,115
09 July 2021|26.02|26.08|25.83|26.08|22.31|6,245,497
08 July 2021|26.31|26.40|26.10|26.21|22.42|3,175,860
07 July 2021|26.02|26.33|26.01|26.31|22.51|3,998,125
06 July 2021|26.26|26.42|26.10|26.10|22.33|3,839,680
05 July 2021|26.06|26.26|26.06|26.15|22.37|3,006,532
02 July 2021|26.21|26.26|26.01|26.23|22.44|5,063,994
01 July 2021|26.35|26.35|26.00|26.04|22.28|3,505,174
30 June 2021|26.27|26.42|26.19|26.22|22.43|4,726,109
29 June 2021|25.96|26.17|25.80|26.11|22.34|4,326,329
28 June 2021|26.11|26.14|25.94|26.12|22.35|3,667,087
25 June 2021|26.43|26.43|26.15|26.18|22.40|4,245,078
24 June 2021|26.26|26.28|26.01|26.09|22.32|5,676,096
23 June 2021|26.53|26.64|26.30|26.37|22.56|4,765,276
22 June 2021|26.87|26.93|26.58|26.73|22.87|5,285,365
21 June 2021|26.26|26.42|26.12|26.42|22.60|6,012,455
18 June 2021|26.78|26.99|26.77|26.87|22.99|9,945,270
17 June 2021|27.00|27.13|26.84|27.01|23.11|8,809,400
16 June 2021|26.86|26.97|26.76|26.86|22.98|5,997,252
15 June 2021|26.52|26.80|26.50|26.67|22.82|4,585,455
11 June 2021|26.40|26.50|26.29|26.46|22.64|3,954,712
10 June 2021|26.64|26.71|26.49|26.62|22.77|4,341,415
09 June 2021|26.67|26.85|26.53|26.56|22.72|5,544,022
08 June 2021|26.60|26.87|26.59|26.77|22.90|5,908,234
07 June 2021|27.20|27.24|26.55|26.64|22.79|11,450,247
04 June 2021|27.24|27.56|27.21|27.51|23.54|5,684,957
03 June 2021|26.95|27.24|26.95|27.12|23.20|5,054,321
02 June 2021|26.80|26.89|26.69|26.88|23.00|3,862,591
01 June 2021|26.80|26.83|26.56|26.73|22.87|3,626,102
31 May 2021|27.15|27.21|26.86|26.95|23.06|4,844,221
28 May 2021|26.83|27.14|26.76|27.09|23.18|5,958,464
27 May 2021|26.73|26.91|26.69|26.71|22.85|10,373,746
26 May 2021|26.70|26.96|26.69|26.82|22.95|3,980,018
25 May 2021|26.68|26.88|26.62|26.88|23.00|4,060,782
24 May 2021|26.55|26.75|26.49|26.65|22.80|4,033,425
21 May 2021|26.44|26.56|26.33|26.47|22.65|4,111,990
20 May 2021|26.08|26.45|26.01|26.44|22.62|6,808,197
19 May 2021|26.00|26.13|25.83|26.02|22.26|7,105,147
18 May 2021|26.18|26.41|26.05|26.37|22.56|5,195,325
17 May 2021|26.20|26.33|25.97|26.05|22.29|4,246,791
14 May 2021|26.36|26.44|26.18|26.22|22.43|4,727,603
13 May 2021|26.00|26.03|25.84|25.96|22.21|10,764,546
13 May 2021|0.6Dividend
12 May 2021|26.60|26.65|26.34|26.54|22.19|9,516,065
11 May 2021|27.11|27.27|26.78|26.81|22.42|6,463,713
10 May 2021|26.92|27.23|26.86|27.09|22.65|9,885,395
07 May 2021|26.76|26.92|26.57|26.78|22.39|6,080,325
06 May 2021|27.35|27.35|26.33|26.56|22.21|10,525,272
05 May 2021|27.82|27.84|27.29|27.37|22.89|5,448,732
04 May 2021|27.27|27.30|27.00|27.25|22.79|4,364,795
03 May 2021|26.75|27.32|26.70|27.23|22.77|6,113,881
30 Apr 2021|26.70|26.85|26.58|26.66|22.29|5,122,020
29 Apr 2021|26.96|27.00|26.75|26.77|22.38|3,669,928
28 Apr 2021|26.70|27.03|26.68|26.91|22.50|6,046,224
27 Apr 2021|26.62|26.65|26.45|26.61|22.25|4,936,478
26 Apr 2021|26.51|26.84|26.51|26.66|22.29|3,946,735
23 Apr 2021|26.35|26.54|26.30|26.46|22.13|3,253,087
22 Apr 2021|26.35|26.41|26.10|26.39|22.07|5,795,816
21 Apr 2021|26.14|26.25|25.90|26.21|21.92|7,779,736
20 Apr 2021|26.57|26.68|26.43|26.50|22.16|3,921,332
19 Apr 2021|26.89|26.92|26.68|26.68|22.31|3,508,551
16 Apr 2021|26.71|26.78|26.42|26.72|22.34|6,751,864
15 Apr 2021|26.58|26.93|26.51|26.84|22.44|5,177,065
14 Apr 2021|26.75|26.75|26.46|26.72|22.34|3,914,189
13 Apr 2021|26.94|26.95|26.66|26.79|22.40|6,552,591
12 Apr 2021|26.62|26.96|26.60|26.83|22.44|4,015,701
09 Apr 2021|26.62|26.79|26.43|26.72|22.34|4,620,634
08 Apr 2021|26.43|26.95|26.43|26.63|22.27|5,230,668
07 Apr 2021|26.23|26.40|26.11|26.34|22.03|3,731,037
06 Apr 2021|26.35|26.41|26.12|26.23|21.93|4,098,683
01 Apr 2021|25.97|26.16|25.81|26.10|21.82|3,019,964
31 Mar 2021|25.92|26.38|25.86|26.00|21.74|6,066,042
30 Mar 2021|26.25|26.32|25.75|25.91|21.67|5,268,459
29 Mar 2021|26.21|26.48|26.04|26.13|21.85|4,351,929
26 Mar 2021|25.98|26.28|25.95|26.17|21.88|5,991,909
25 Mar 2021|25.84|26.13|25.78|25.97|21.72|4,635,164
24 Mar 2021|25.98|26.07|25.82|25.84|21.61|3,117,402
23 Mar 2021|25.89|26.10|25.78|25.94|21.69|3,585,838
22 Mar 2021|25.93|26.22|25.85|26.12|21.84|2,517,255
19 Mar 2021|26.00|26.17|25.91|25.93|21.68|13,516,901
18 Mar 2021|26.16|26.32|26.01|26.01|21.75|5,926,520
17 Mar 2021|26.14|26.32|26.02|26.24|21.94|4,823,166
16 Mar 2021|26.14|26.45|25.94|26.25|21.95|5,029,549
15 Mar 2021|26.11|26.30|25.92|26.14|21.86|3,366,555
12 Mar 2021|26.19|26.30|26.04|26.10|21.82|3,017,473
11 Mar 2021|26.46|26.53|25.91|26.12|21.84|4,776,070
10 Mar 2021|26.53|26.63|26.12|26.24|21.94|6,612,227
09 Mar 2021|26.88|27.10|26.59|26.65|22.28|5,474,640
08 Mar 2021|26.84|26.93|26.38|26.43|22.10|4,957,963
05 Mar 2021|26.37|26.48|26.05|26.39|22.07|8,154,056
04 Mar 2021|25.99|26.31|25.77|26.31|22.00|9,880,941
03 Mar 2021|25.20|25.81|25.20|25.70|21.49|6,335,981
02 Mar 2021|25.51|25.59|25.22|25.26|21.12|3,883,624
01 Mar 2021|24.69|25.17|24.66|25.14|21.02|4,696,741
26 Feb 2021|24.90|24.98|24.58|24.64|20.60|7,695,065
25 Feb 2021|25.13|25.35|25.08|25.15|21.03|5,914,625
24 Feb 2021|24.75|25.03|24.66|24.90|20.82|5,566,636
23 Feb 2021|24.57|24.85|24.41|24.85|20.78|6,128,492
22 Feb 2021|25.02|25.09|24.56|24.57|20.55|8,731,047
19 Feb 2021|25.35|25.45|25.00|25.11|21.00|10,423,560
18 Feb 2021|25.78|25.84|25.36|25.53|21.35|8,319,155
17 Feb 2021|25.49|25.92|25.48|25.60|21.41|6,692,639
16 Feb 2021|25.68|25.86|25.36|25.56|21.37|7,510,125
15 Feb 2021|25.20|25.55|25.12|25.29|21.15|4,668,582
12 Feb 2021|24.98|25.08|24.84|24.93|20.85|2,619,311
11 Feb 2021|24.82|25.11|24.76|25.05|20.95|3,001,709
10 Feb 2021|25.13|25.24|24.81|24.98|20.89|4,043,502
09 Feb 2021|25.27|25.35|25.00|25.03|20.93|4,099,508
08 Feb 2021|25.27|25.69|25.26|25.46|21.29|5,531,901
05 Feb 2021|25.00|25.27|24.98|25.23|21.10|5,643,114
04 Feb 2021|24.90|24.90|24.48|24.70|20.65|6,055,330
03 Feb 2021|24.50|24.90|24.42|24.71|20.66|6,482,537
02 Feb 2021|24.04|24.37|23.96|24.24|20.27|5,720,392
01 Feb 2021|23.00|23.87|22.86|23.81|19.91|5,673,289
29 Jan 2021|24.11|24.21|23.46|23.54|19.68|6,365,740
28 Jan 2021|23.90|23.94|23.45|23.92|20.00|6,915,254
27 Jan 2021|24.37|24.40|24.15|24.22|20.25|4,237,153
25 Jan 2021|24.22|24.32|24.05|24.13|20.18|2,589,077
22 Jan 2021|24.15|24.27|24.04|24.12|20.17|6,671,482
21 Jan 2021|24.30|24.47|24.25|24.30|20.32|4,388,129
20 Jan 2021|24.17|24.26|23.90|23.91|19.99|3,456,585
19 Jan 2021|23.81|24.10|23.75|24.02|20.09|4,113,253
18 Jan 2021|24.04|24.06|23.55|23.65|19.78|5,139,871
15 Jan 2021|23.85|24.29|23.81|24.14|20.19|6,670,066
14 Jan 2021|23.50|23.84|23.46|23.78|19.88|5,372,871
13 Jan 2021|23.35|23.53|23.30|23.48|19.63|3,672,902
12 Jan 2021|23.30|23.65|23.28|23.46|19.62|5,331,841
11 Jan 2021|23.28|23.35|23.15|23.21|19.41|4,403,231
08 Jan 2021|23.18|23.35|23.06|23.35|19.53|4,803,820
07 Jan 2021|22.85|23.20|22.68|23.04|19.27|6,784,745
06 Jan 2021|22.50|22.67|22.25|22.41|18.74|6,155,677
05 Jan 2021|22.73|22.74|22.52|22.69|18.97|4,820,802
04 Jan 2021|22.75|22.94|22.71|22.93|19.17|3,104,526
31 Dec 2020|23.00|23.05|22.60|22.60|18.90|2,306,437
30 Dec 2020|23.00|23.06|22.84|23.03|19.26|3,148,144
29 Dec 2020|23.27|23.30|23.04|23.11|19.32|1,962,923
24 Dec 2020|23.27|23.33|23.00|23.00|19.23|1,701,485
23 Dec 2020|23.00|23.12|22.89|22.98|19.22|4,499,742
22 Dec 2020|23.13|23.34|22.81|22.93|19.17|4,983,257
21 Dec 2020|23.05|23.37|22.97|23.30|19.48|3,601,299
18 Dec 2020|23.75|23.75|23.35|23.37|19.54|18,356,761
17 Dec 2020|23.81|23.95|23.65|23.85|19.94|9,117,294
16 Dec 2020|23.51|23.88|23.51|23.61|19.74|4,776,207
15 Dec 2020|23.65|23.65|23.27|23.38|19.55|5,160,766
14 Dec 2020|23.45|23.78|23.40|23.55|19.69|4,150,733
11 Dec 2020|23.36|23.55|23.22|23.33|19.51|5,170,699
10 Dec 2020|23.60|23.70|23.48|23.54|19.68|6,111,005
09 Dec 2020|23.31|23.57|23.26|23.44|19.60|4,871,911
08 Dec 2020|23.01|23.36|22.93|23.31|19.49|5,987,250
07 Dec 2020|23.36|23.45|23.04|23.25|19.44|4,233,032
04 Dec 2020|22.96|23.30|22.92|23.13|19.34|3,833,297
03 Dec 2020|23.05|23.13|22.88|22.97|19.21|4,878,959
02 Dec 2020|23.15|23.15|22.75|23.00|19.23|6,057,124
01 Dec 2020|22.89|23.14|22.72|23.04|19.27|6,334,373
30 Nov 2020|23.40|23.60|22.89|22.89|19.14|17,125,498
27 Nov 2020|23.34|23.58|23.22|23.32|19.50|4,213,977
26 Nov 2020|23.89|23.91|23.48|23.48|19.63|8,384,996
25 Nov 2020|23.71|24.13|23.70|24.05|20.11|9,452,459
24 Nov 2020|22.94|23.51|22.89|23.33|19.51|6,635,137
23 Nov 2020|22.73|22.82|22.55|22.74|19.02|4,629,150
20 Nov 2020|22.59|22.81|22.48|22.73|19.01|8,388,375
19 Nov 2020|22.40|22.70|22.22|22.70|18.98|8,650,698
18 Nov 2020|21.99|22.45|21.91|22.29|18.64|9,123,379
17 Nov 2020|21.75|22.04|21.68|21.84|18.26|9,177,424
16 Nov 2020|21.60|21.65|21.49|21.59|18.05|504,851
13 Nov 2020|21.05|21.26|20.96|21.20|17.73|6,195,740
12 Nov 2020|21.55|21.59|21.17|21.30|17.81|15,499,306
12 Nov 2020|0.3Dividend
11 Nov 2020|21.74|21.92|21.52|21.82|17.99|16,710,561
10 Nov 2020|20.94|21.40|20.81|21.26|17.53|21,685,462
09 Nov 2020|19.56|19.87|19.54|19.76|16.30|8,103,976
06 Nov 2020|19.53|19.60|19.28|19.57|16.14|7,650,496
05 Nov 2020|18.89|19.39|18.76|19.31|15.92|10,588,788
04 Nov 2020|18.82|19.09|18.56|18.70|15.42|5,989,376
03 Nov 2020|18.90|19.12|18.80|18.90|15.59|7,690,345
02 Nov 2020|18.85|18.95|18.52|18.82|15.52|8,044,702
30 Oct 2020|18.60|18.86|18.59|18.60|15.34|8,618,116
29 Oct 2020|18.59|18.75|18.50|18.60|15.34|5,485,263
28 Oct 2020|18.84|19.01|18.72|18.88|15.57|6,232,736
27 Oct 2020|19.08|19.21|18.96|19.09|15.74|7,272,215
26 Oct 2020|19.50|19.60|19.24|19.33|15.94|7,612,872
23 Oct 2020|19.55|19.57|19.34|19.53|16.11|6,431,453
22 Oct 2020|19.20|19.41|19.05|19.41|16.01|8,907,112
21 Oct 2020|19.26|19.59|19.16|19.50|16.08|6,579,980
20 Oct 2020|19.40|19.46|19.18|19.19|15.83|7,848,919
19 Oct 2020|19.41|19.51|19.26|19.40|16.00|4,760,460
16 Oct 2020|19.25|19.40|19.17|19.22|15.85|7,735,760
15 Oct 2020|19.07|19.41|18.98|19.23|15.86|6,457,518
14 Oct 2020|19.20|19.23|18.97|19.10|15.75|7,930,336
13 Oct 2020|19.50|19.71|19.19|19.35|15.96|9,525,240
12 Oct 2020|18.68|18.99|18.53|18.99|15.66|5,940,347
09 Oct 2020|18.80|18.87|18.51|18.69|15.41|6,105,628
08 Oct 2020|18.83|18.90|18.63|18.76|15.47|7,638,461
07 Oct 2020|18.22|18.60|18.02|18.60|15.34|9,252,833
06 Oct 2020|18.28|18.30|17.98|18.24|15.04|5,095,838
05 Oct 2020|17.96|18.26|17.83|18.19|15.00|5,642,907
02 Oct 2020|17.68|17.71|17.36|17.49|14.42|6,566,248
01 Oct 2020|17.80|17.93|17.72|17.83|14.70|6,270,345
30 Sept 2020|17.82|17.91|17.70|17.75|14.64|9,970,123
29 Sept 2020|18.30|18.40|18.00|18.08|14.91|8,121,925
28 Sept 2020|18.40|18.44|18.09|18.22|15.03|9,561,679
25 Sept 2020|17.80|18.42|17.73|18.37|15.15|18,362,216
24 Sept 2020|16.79|17.28|16.70|17.19|14.18|7,465,986
23 Sept 2020|16.77|17.13|16.75|17.12|14.12|7,865,786
22 Sept 2020|16.91|16.92|16.56|16.64|13.72|9,650,678
21 Sept 2020|17.24|17.25|17.00|17.04|14.05|7,806,473
18 Sept 2020|17.28|17.39|17.20|17.29|14.26|18,445,012
17 Sept 2020|17.17|17.39|17.12|17.30|14.27|10,847,664
16 Sept 2020|17.30|17.31|17.06|17.15|14.14|8,410,829
15 Sept 2020|17.34|17.39|17.12|17.16|14.15|6,923,227
14 Sept 2020|17.35|17.49|17.26|17.40|14.35|5,931,469
11 Sept 2020|17.12|17.26|17.08|17.15|14.14|5,421,394
10 Sept 2020|17.59|17.64|17.18|17.32|14.28|9,653,316
09 Sept 2020|17.43|17.52|17.28|17.44|14.38|10,748,811
08 Sept 2020|17.75|17.90|17.68|17.90|14.76|7,680,544
07 Sept 2020|17.35|17.69|17.13|17.61|14.52|7,836,777
04 Sept 2020|17.62|17.64|17.32|17.35|14.31|7,830,516
03 Sept 2020|17.80|18.05|17.77|17.89|14.75|8,665,219
02 Sept 2020|17.40|17.62|17.27|17.62|14.53|7,040,870
01 Sept 2020|17.72|17.73|17.28|17.40|14.35|9,657,484
31 Aug 2020|17.97|18.08|17.85|17.93|14.79|5,565,279
28 Aug 2020|17.86|18.22|17.83|17.93|14.79|7,918,823
27 Aug 2020|17.88|17.95|17.71|17.80|14.68|5,390,841
26 Aug 2020|18.15|18.15|17.72|18.00|14.84|6,074,076
25 Aug 2020|17.83|18.39|17.79|18.28|15.08|11,867,622
24 Aug 2020|17.60|17.63|17.41|17.54|14.47|4,656,440
21 Aug 2020|17.78|18.04|17.58|17.65|14.56|8,280,261
20 Aug 2020|17.75|17.85|17.55|17.70|14.60|6,468,209
19 Aug 2020|17.67|17.92|17.63|17.89|14.75|6,267,401
18 Aug 2020|17.70|17.75|17.40|17.61|14.52|10,144,842
17 Aug 2020|17.97|18.00|17.70|17.75|14.64|8,593,733
14 Aug 2020|18.34|18.43|18.09|18.22|15.03|9,655,881
13 Aug 2020|18.36|18.38|17.88|18.01|14.85|7,688,666
12 Aug 2020|18.19|18.62|18.08|18.28|15.08|9,312,090
11 Aug 2020|17.66|17.98|17.63|17.88|14.75|8,253,802
10 Aug 2020|17.18|17.48|17.10|17.46|14.40|9,820,897
07 Aug 2020|16.92|17.05|16.81|16.96|13.99|8,149,797
06 Aug 2020|16.90|17.07|16.86|17.04|14.05|8,114,989
05 Aug 2020|16.91|16.95|16.60|16.91|13.95|10,176,652
04 Aug 2020|17.25|17.38|17.07|17.14|14.14|15,584,261
03 Aug 2020|17.45|17.45|16.84|16.94|13.97|12,465,384
31 July 2020|17.90|17.97|17.59|17.66|14.56|10,479,999
30 July 2020|18.30|18.40|18.05|18.12|14.94|5,750,869
29 July 2020|18.24|18.40|18.00|18.18|14.99|10,682,320
28 July 2020|17.93|18.10|17.90|17.90|14.76|7,386,882
27 July 2020|17.97|18.06|17.81|17.95|14.80|5,100,159
24 July 2020|18.15|18.18|17.97|17.98|14.83|4,737,017
23 July 2020|17.95|18.23|17.95|18.23|15.03|4,698,395
22 July 2020|18.16|18.42|17.99|18.11|14.94|6,657,698
21 July 2020|17.88|18.28|17.76|18.26|15.06|8,875,514
20 July 2020|17.97|17.97|17.76|17.81|14.69|5,714,472
17 July 2020|18.12|18.15|17.94|18.10|14.93|5,320,078
16 July 2020|18.34|18.43|18.00|18.07|14.90|9,171,337
15 July 2020|18.15|18.24|17.95|18.18|14.99|7,800,984
14 July 2020|18.10|18.18|17.95|18.10|14.93|7,446,110
13 July 2020|18.15|18.47|18.08|18.17|14.98|9,775,299
10 July 2020|17.96|18.06|17.80|17.86|14.73|7,004,476
09 July 2020|18.10|18.19|17.99|18.06|14.89|9,686,878
08 July 2020|18.15|18.21|17.91|17.98|14.83|12,786,907
07 July 2020|18.85|18.98|18.27|18.34|15.12|11,359,988
06 July 2020|18.70|18.92|18.60|18.70|15.42|6,515,483
03 July 2020|19.00|19.15|18.53|18.74|15.45|6,816,931
02 July 2020|18.58|18.92|18.45|18.90|15.59|9,881,499
01 July 2020|18.34|18.56|18.19|18.56|15.31|5,871,783
30 June 2020|18.41|18.57|18.21|18.22|15.03|9,975,468
29 June 2020|17.90|18.11|17.69|18.11|14.94|9,786,233
26 June 2020|18.20|18.45|18.12|18.40|15.17|12,174,503
25 June 2020|18.18|18.24|17.90|17.91|14.77|12,222,112
24 June 2020|18.68|18.77|18.48|18.55|15.30|8,455,455
23 June 2020|18.85|18.90|18.42|18.66|15.39|7,367,371
22 June 2020|18.40|18.90|18.31|18.77|15.48|7,009,719
19 June 2020|18.97|19.04|18.51|18.67|15.40|21,314,802
18 June 2020|18.69|18.84|18.37|18.78|15.49|16,738,492
17 June 2020|19.00|19.04|18.52|18.96|15.64|16,244,275
16 June 2020|18.80|19.08|18.55|18.85|15.55|16,378,823
15 June 2020|18.53|18.90|18.10|18.10|14.93|12,299,529
12 June 2020|18.12|18.73|17.91|18.59|15.33|14,003,822
11 June 2020|19.56|19.68|18.98|19.07|15.73|17,657,667
10 June 2020|20.10|20.49|19.78|20.16|16.63|12,690,785
09 June 2020|20.58|20.86|20.13|20.47|16.88|16,413,161
05 June 2020|19.40|19.60|19.17|19.48|16.07|14,412,375
04 June 2020|19.36|19.49|18.68|18.92|15.60|16,458,183
03 June 2020|18.10|18.78|18.05|18.70|15.42|12,538,914
02 June 2020|18.01|18.15|17.81|17.88|14.75|9,508,725
01 June 2020|17.43|18.15|17.27|17.95|14.80|10,661,631
29 May 2020|18.38|18.38|17.81|17.81|14.69|20,239,238
28 May 2020|19.00|19.27|18.50|18.79|15.50|20,079,658
27 May 2020|17.22|18.28|17.09|17.94|14.80|29,828,792
26 May 2020|15.87|16.64|15.81|16.64|13.72|13,197,918
25 May 2020|15.54|15.79|15.50|15.75|12.99|6,624,978
22 May 2020|15.49|15.72|15.31|15.34|12.65|7,100,172
21 May 2020|15.75|15.75|15.41|15.52|12.80|6,775,973
20 May 2020|15.28|15.61|15.22|15.60|12.87|7,436,022
19 May 2020|15.60|15.88|15.44|15.49|12.77|15,110,150
18 May 2020|15.48|15.51|15.11|15.17|12.51|9,706,201
15 May 2020|15.46|15.56|15.23|15.46|12.75|10,712,380
14 May 2020|15.30|15.43|15.24|15.24|12.57|7,961,968
13 May 2020|15.32|15.64|15.16|15.64|12.90|10,801,864
12 May 2020|15.82|15.94|15.42|15.52|12.80|14,243,074
11 May 2020|16.10|16.26|15.94|15.98|13.18|11,836,955
08 May 2020|16.49|16.53|15.99|16.08|13.26|12,719,481
07 May 2020|16.34|16.43|16.15|16.22|13.38|11,916,668
06 May 2020|16.81|16.87|16.38|16.59|13.68|13,486,052
05 May 2020|16.73|16.99|16.56|16.99|14.01|28,753,496
04 May 2020|15.95|16.55|15.83|16.46|13.57|18,882,759
01 May 2020|16.10|16.43|15.91|16.14|13.31|39,879,423
01 May 2020|0.3Dividend
30 Apr 2020|16.53|17.10|16.40|16.96|13.74|31,298,821
29 Apr 2020|15.59|16.29|15.59|16.29|13.20|19,776,370
28 Apr 2020|15.28|15.67|15.00|15.32|12.41|34,307,122
27 Apr 2020|15.76|15.76|15.76|15.76|12.77|-
24 Apr 2020|15.72|16.00|15.70|15.76|12.77|8,364,133
23 Apr 2020|16.02|16.11|15.59|15.72|12.73|8,362,748
22 Apr 2020|15.50|16.04|15.36|15.90|12.88|9,671,135
21 Apr 2020|16.00|16.27|15.61|15.64|12.67|8,271,527
20 Apr 2020|16.39|16.45|16.00|16.00|12.96|10,284,797
17 Apr 2020|16.46|16.69|16.28|16.39|13.28|8,207,069
16 Apr 2020|16.14|16.28|16.01|16.28|13.19|11,311,354
15 Apr 2020|16.57|16.81|16.26|16.64|13.48|8,822,786
14 Apr 2020|16.12|16.57|15.84|16.54|13.40|12,186,690
09 Apr 2020|15.87|16.08|15.52|16.08|13.03|11,420,512
08 Apr 2020|15.62|15.85|15.22|15.35|12.44|17,966,642
07 Apr 2020|17.01|17.16|16.00|16.13|13.07|12,947,890
06 Apr 2020|15.75|16.50|15.70|16.47|13.34|11,059,662
03 Apr 2020|16.20|16.29|15.50|15.62|12.65|11,407,279
02 Apr 2020|16.06|16.34|15.84|16.00|12.96|15,427,508
01 Apr 2020|17.17|17.22|16.38|16.95|13.73|13,302,444
31 Mar 2020|16.78|17.52|16.22|16.68|13.51|18,586,662
30 Mar 2020|15.14|16.31|15.07|16.31|13.21|13,189,000
27 Mar 2020|16.50|16.69|15.12|15.12|12.25|19,979,145
26 Mar 2020|16.00|16.19|15.45|16.14|13.08|15,849,821
25 Mar 2020|15.55|15.79|14.90|15.79|12.79|16,650,073
24 Mar 2020|14.42|14.48|13.94|14.40|11.67|16,978,521
23 Mar 2020|14.27|14.50|13.19|13.88|11.24|23,136,879
20 Mar 2020|15.59|16.41|15.42|15.66|12.69|26,892,815
19 Mar 2020|16.27|16.91|14.57|14.57|11.80|35,068,715
18 Mar 2020|17.33|17.35|15.92|16.01|12.97|22,237,359
17 Mar 2020|16.10|17.50|16.05|17.21|13.94|24,097,476
16 Mar 2020|17.39|17.73|16.12|16.12|13.06|23,595,738
13 Mar 2020|16.74|18.66|15.55|18.41|14.91|41,620,410
12 Mar 2020|19.44|19.82|18.13|18.13|14.69|25,387,943
11 Mar 2020|21.30|21.31|19.78|19.78|16.02|18,606,395
10 Mar 2020|19.14|21.10|18.99|21.10|17.09|20,994,204
09 Mar 2020|20.90|21.48|20.14|20.14|16.32|16,800,288
06 Mar 2020|22.65|22.65|22.00|22.00|17.82|15,211,163
05 Mar 2020|23.51|23.63|23.09|23.29|18.87|11,456,572
04 Mar 2020|23.79|23.81|23.24|23.24|18.83|12,771,237
03 Mar 2020|24.90|24.98|24.13|24.13|19.55|9,880,316
02 Mar 2020|24.60|24.70|23.98|24.47|19.82|13,426,286
28 Feb 2020|25.15|25.27|24.81|25.10|20.33|13,501,362
27 Feb 2020|26.11|26.32|25.69|25.89|20.97|9,360,018
26 Feb 2020|26.39|26.48|26.09|26.24|21.26|7,928,426
25 Feb 2020|26.50|26.80|26.37|26.80|21.71|9,370,907
24 Feb 2020|27.07|27.17|26.88|27.11|21.96|6,619,522
21 Feb 2020|27.33|27.44|27.31|27.41|22.21|5,260,282
20 Feb 2020|27.35|27.49|27.22|27.40|22.20|8,429,124
19 Feb 2020|27.32|27.49|27.19|27.31|22.12|6,989,261
18 Feb 2020|27.28|27.32|27.17|27.28|22.10|6,047,457
17 Feb 2020|27.31|27.34|26.96|27.28|22.10|6,045,773
14 Feb 2020|26.92|27.35|26.75|27.35|22.16|13,401,934
13 Feb 2020|26.70|27.05|26.38|26.49|21.46|12,490,645
12 Feb 2020|26.15|26.28|26.05|26.13|21.17|7,174,545
11 Feb 2020|25.98|26.06|25.81|25.90|20.98|3,912,594
10 Feb 2020|25.84|25.91|25.71|25.78|20.88|4,591,595
07 Feb 2020|26.00|26.00|25.68|25.92|21.00|5,270,062
06 Feb 2020|25.75|26.03|25.72|25.95|21.02|7,663,277
05 Feb 2020|25.70|25.80|25.52|25.61|20.75|4,453,302
04 Feb 2020|25.55|25.69|25.45|25.60|20.74|4,363,787
03 Feb 2020|25.35|25.56|25.25|25.50|20.66|6,280,742
31 Jan 2020|25.99|26.02|25.78|25.86|20.95|6,218,849
30 Jan 2020|25.81|25.99|25.79|25.88|20.97|4,823,363
29 Jan 2020|25.79|25.90|25.71|25.80|20.90|6,197,933
28 Jan 2020|25.57|25.63|25.41|25.61|20.75|4,947,416
24 Jan 2020|25.79|25.99|25.74|25.80|20.90|4,791,959
23 Jan 2020|25.84|25.86|25.57|25.69|20.81|5,586,436
22 Jan 2020|25.79|25.86|25.54|25.71|20.83|5,205,110
21 Jan 2020|25.69|25.70|25.55|25.70|20.82|4,330,131
20 Jan 2020|25.50|25.67|25.48|25.61|20.75|6,393,754
17 Jan 2020|25.50|25.56|25.45|25.46|20.63|3,924,514
16 Jan 2020|25.36|25.41|25.20|25.36|20.54|5,372,339
15 Jan 2020|25.07|25.19|25.02|25.17|20.39|5,010,202
14 Jan 2020|25.06|25.17|25.01|25.06|20.30|4,694,962
13 Jan 2020|24.93|25.00|24.73|24.93|20.20|3,921,740
10 Jan 2020|25.00|25.03|24.83|24.93|20.20|4,657,091
09 Jan 2020|25.05|25.15|24.75|24.83|20.11|4,609,917
08 Jan 2020|24.91|24.92|24.52|24.82|20.11|4,203,931
07 Jan 2020|24.82|24.97|24.73|24.90|20.17|5,215,076
06 Jan 2020|24.59|24.64|24.36|24.55|19.89|4,824,722
03 Jan 2020|24.93|24.93|24.66|24.72|20.03|3,142,425
02 Jan 2020|24.50|24.65|24.43|24.57|19.90|3,066,508
31 Dec 2019|24.74|24.75|24.51|24.63|19.95|5,463,481
*Close price adjusted for splits.**Close price adjusted for splits and dividend and/or capital gain distributions.
